0.8144597
0.5402832
0.2304326
0.89578193
0.4794298
0.1647727
0.09562657
0.32409713
0.4720067
0.23895814
0.81198716
0.44975713
0.58477765
0.12888825
0.34298134
0.058510225
0.5715471
0.9169683
0.50956064
0.28300563
0.9048048
0.10591201
0.77527
0.55887824
0.87864786
0.8444918
0.885652
0.306917
0.5712686
0.77023894
0.8142375
0.93624675
0.37300682
0.5662172
0.75269973
0.33416933
0.52671623
0.68425906
0.06441588
0.7461635
-0.049519815
0.055210095
0.25884795
0.3645094
0.9740256
0.7126203
0.2748562
0.40388358
0.64005286
0.67688835
0.67288357
0.73052746
0.0573276
0.76466465
0.31102875
0.8574638
0.54278904
0.9206111
0.8452636
0.0825663
0.111977875
0.11841634
0.47997925
0.19491214
0.387506
0.22803675
0.8602447
0.027655417
0.24795209
0.7869656
0.6038529
-0.027919853
0.56374073
0.43609765
0.7170937
0.74321145
0.36365926
0.4478522
0.15928851
0.9581761
0.7375607
0.59872204
0.6193873
0.49160516
0.55995494
0.1102762
0.2984289
0.23166479
0.72799695
0.7166169
-0.031005409
0.979088
0.8110656
0.5972632
0.4925282
0.42678666
0.6448334
0.35345456
0.78723663
0.7574485
0.44752505
0.98520494
-0.009068152
0.92166746
0.19620357
0.51978356
0.68420744
0.14046532
0.2632936
0.7352539
0.68044955
0.47034898
0.29977226
0.26287708
0.83493954
0.9908133
0.45638716
0.5743367
0.13395274
0.16104546
0.21696638
0.19974326
0.7530625
0.59722567
-0.008125206
0.30960745
0.24054682
0.7596083
0.7923154
0.4127302
0.23300193
0.57591945
0.9408454
0.97963274
0.6918138
0.120757625
0.46026176
0.904828
0.12579465
0.82647365
0.7343956
0.678205
-0.0065984237
0.5228287
0.41355085
0.5668758
0.9714782
0.399604
0.5766237
0.17693952
0.22500113
0.4145349
0.63407665
0.23659307
0.7436562
0.20638399
0.5122314
0.7135342
0.6988825
0.48983496
0.32910457
0.56464785
0.67426753
0.7730603
0.85546094
0.757559
0.08504092
0.2697494
0.228094
0.4378892
0.5401055
-0.033049904
0.26978722
0.12559782
0.9697692
0.34319803
0.7555197
0.63495743
0.86656284
0.14895119
0.8848741
0.7647146
0.5690519
0.44181162
0.5002943
0.5679446
0.025561832
0.51153237
0.8468551
0.50110775
0.18892744
0.5981427
0.09540886
0.5541902
0.39198047
0.5640606
0.44057637
0.77504605
0.75532526
0.15358132
0.12965977
0.9093622
0.396532
0.090141505
0.51299083
0.4837401
0.5284293
0.62784094
0.6778194
0.46774703
0.9270033
-0.05006044
0.7085095
0.96568686
0.13552335
0.7661898
-0.06913341
0.31663862
0.9334569
0.60053414
0.1949351
-0.080404095
0.8723559
0.2955244
0.71978813
0.6936967
0.72356063
0.94746506
0.33965623
0.80290926
0.67846787
0.9593808
0.4740651
0.24269582
0.75076455
0.22826333
0.23405637
0.60143197
0.7623334
0.39486805
0.30907366
0.7473557
0.29879165
0.45663455
0.69145775
0.4443404
0.77509737
0.5816489
0.31408665
0.26436162
0.72118276
0.8109209
0.80028135
0.4114115
0.63022065
0.4041104
0.85414636
0.02695657
0.23674054
0.58394825
0.22377616
-0.07529634
0.32921225
0.84775895
0.2679265
0.6812047
0.46775004
0.9207083
0.0739588
0.918245
0.76892364
0.94531834
0.6044198
0.24069649
0.51153374
-0.0002852556
0.18189205
0.02524233
0.15039271
0.77774215
0.74029005
0.57184243
0.7883671
0.24070033
0.064091146
0.9232957
0.71649426
0.42169642
0.9396148
0.5857548
0.59253234
0.6146665
0.8267094
0.006379838
0.9776262
0.86124146
0.40616107
0.19751546
0.5333691
0.84605515
0.39316565
0.70277643
0.3335073
0.6377396
0.51100576
0.34877145
0.8727235
0.29975563
0.21319899
0.53154415
0.9357951
0.9483507
0.79096705
0.91714376
0.5894617
0.9642787
0.80277705
0.69130594
0.6219819
0.8929932
0.37422177
0.58011985
0.7945157
0.7969246
0.15997559
0.51878667
0.30440402
-0.0029611734
0.52841365
0.6135278
0.79772
0.48470128
0.8878374
0.48787957
0.2523294
0.44072434
0.50676197
0.9033821
0.14005953
0.15388918
0.53119946
0.46884987
0.8240288
-0.023313954
0.85604036
0.18602593
0.83615017
0.70501685
0.74693096
0.51183075
0.29509315
0.83652055
0.9738425
0.73507786
0.7295944
0.39142132
-0.14487192
0.067098014
0.032876205
0.355253
0.92527926
0.47277164
0.43876287
0.6435171
0.70816934
0.9704122
0.06341446
0.7284546
0.95951396
0.4165979
0.31435767
0.47168872
0.71280164
0.31974757
0.70495754
0.19824079
0.25319254
0.27218884
0.8919568
0.8122591
0.30722332
0.6833045
0.25901082
0.88687986
0.32179204
0.77955145
-0.00016207402
0.26219
0.58192945
0.43318135
0.82854676
0.7001599
0.9354608
0.09635836
0.27043086
0.6625754
0.48708415
0.9705528
0.36222562
0.5926106
0.9597529
0.6910726
0.4388866
0.37338054
0.81933165
0.22388732
0.627777
0.8670157
0.13856073
0.4422419
0.81946784
0.24343812
0.62545604
0.92638534
0.641048
0.23439436
0.65851355
0.3373321
0.39228588
0.6559348
0.51647943
0.39376995
0.6088089
0.84277517
0.57247126
0.92432034
-0.105114594
0.02423844
0.7103288
0.86325955
0.099260375
0.8128772
0.38715357
0.55494493
0.3839946
0.036371782
0.68309706
0.77914584
0.6710599
0.0020625803
0.2535831
0.3584741
0.26199272
0.31716985
0.7356306
0.23571265
0.5154449
0.25587678
0.7304063
0.29001552
0.97763073
0.399521
0.2707621
0.5188288
0.65006363
0.16945577
0.36248025
0.82796735
0.8001055
0.7146943
0.8589468
0.5835653
0.56197673
0.6002526
0.7145721
0.053536516
0.38971472
0.52212095
0.2865015
0.4545397
0.51182234
0.3475493
0.35815504
0.095438965
0.5836627
0.3613528
0.76084554
0.6736716
0.34773794
0.93740124
0.6269795
0.9598593
0.45925993
-0.012691502
0.35572314
0.007734178
0.83996063
-0.037704673
0.44205594
0.285879
0.23166351
0.502387
0.70383394
0.6152713
0.43374234
0.21110675
0.5718803
0.40016407
0.5314118
0.15470691
0.26122478
0.99783003
0.39271808
0.068637304
0.4166441
0.4862283
0.50110817
0.22921535
0.02499322
0.894431
0.14095202
0.8252771
0.813427
0.74832505
0.2133912
0.6663882
0.13742231
0.5653483
0.6497113
0.6840675
0.5896393
0.74577975
0.5817334
0.36036706
0.7945013
0.7257468
0.08460474
0.2597122
0.9373758
0.60119504
-0.083452106
0.82873005
0.26762474
0.096566
0.70226806
0.90777254
0.10398081
0.031231234
0.8560974
0.83670264
0.68044025
0.686776
0.9340515
0.060637455
0.6648361
0.39372304
0.40649083
0.4912237
-0.016755378
0.98447543
0.35192034
0.81490517
0.9452745
0.5821115
0.6382702
0.6875991
0.62310094
0.87186193
0.6951602
0.53368473
0.5826515
0.29370064
0.06109733
0.047412645
0.77204126
0.7713146
0.5865117
0.65823805
0.7198484
0.50785905
0.38759863
0.89044744
0.14032298
0.08462038
0.2546293
0.573028
0.1546216
0.3865427
0.80019116
0.5715104
0.06486264
0.29277918
0.89287925
0.7268365
0.8694924
0.4305089
-0.02106541
0.1819272
0.19295256
0.46786147
0.7697608
0.7853518
0.80679965
0.6609079
0.6124619
0.6584393
0.30941492
0.70171106
0.34713426
0.5104954
-0.014573838
0.36850724
0.23480462
0.9721951
0.33213526
0.17269754
0.15536503
0.46336716
0.6588126
0.48608685
0.46512255
0.368968
0.94490767
0.48377448
0.9167099
0.75339913
0.9528397
0.6351496
0.6614596
0.6157251
0.52746147
0.42053458
0.01788391
0.5507674
-0.014887108
0.25542983
0.10077649
0.3258382
0.77451426
0.78129315
0.4148289
0.7129614
0.20619904
0.49662113
0.9745224
0.13531576
0.9037321
0.18752788
0.66155785
0.8711923
0.16064881
0.5276856
0.025667377
0.87713665
0.60474616
0.22083786
0.96741015
0.48353547
-0.036599383
0.24823621
0.18959552
0.35715762
0.076924704
0.640099
0.54379946
0.9381786
0.51935154
0.29235196
0.016803833
0.5979648
0.6575343
0.22139017
0.93319213
0.8285092
0.8063117
0.48642328
0.019362563
0.7968101
0.45955053
0.2242053
0.69792014
0.027281372
0.8853393
0.17181222
0.9162539
0.5783448
0.9089772
0.40859035
0.123725
0.41361097
0.43055418
0.4434816
0.8095925
0.8695812
0.46849906
0.7261568
0.27124617
0.67764866
0.6233172
0.14986257
0.7852824
0.4264944
0.7847338
0.21958844
0.5722791
0.21022186
0.5309868
0.7131876
0.29653794
0.32819617
0.82866436
0.12698929
0.59487617
0.5503335
0.7276457
0.11201052
0.87042576
0.0058919475
0.44553158
0.8286274
0.7244677
0.408502
0.38469023
0.47477227
0.79530925
0.33474776
0.5375128
0.946049
0.26142102
0.67671436
0.5048362
0.55731785
0.3589486
0.6084421
0.6569327
0.29346812
0.64752305
0.5566613
0.7304943
0.26668206
0.37494653
0.8455373
0.95824486
0.09181654
0.62532717
0.97361726
0.7144043
0.34314847
0.38037372
0.9013146
0.5388611
0.76590425
0.99999994
0.22261962
0.7315651
0.746682
0.91855526
0.51857865
0.28738144
0.9867379
0.12884803
0.9546489
0.95797366
0.937143
0.24871962
0.44804746
0.028074916
0.44323817
0.74400914
0.5555785
0.17189702
0.77869666
0.21177159
0.70810634
0.6265036
0.743227
0.8965684
0.3049061
0.72251344
0.24353936
0.4686753
0.2324738
0.29209659
0.5915891
-0.03271885
0.6328848
0.13777104
0.16172177
0.28965986
0.92568684
0.7798256
0.6694084
0.14034724
0.6052213
0.8865395
0.8999463
0.3002149
0.6675317
0.84441394
0.95197314
0.36337262
-0.020897835
0.21231376
0.6134522
0.40536794
0.5212152
0.76369977
0.036889564
0.65800714
0.42867148
0.4597699
0.7736778
0.69974446
0.19990414
-0.010085519
1.0000001
0.67149866
0.35300896
0.29983562
0.92791563
0.75990963
0.5209204
0.430438
0.32819933
0.5609455
0.7915431
0.784972
0.6674871
0.05376716
0.33276337
0.8368932
0.9943063
0.57585526
0.8866462
0.004125102
0.29799858
0.118479885
0.4592664