0.25481614
0.47151917
0.27442077
0.8035538
0.28213966
0.77274334
0.43964222
0.8502862
0.9843788
0.98171806
0.59913075
0.7459791
0.37100223
0.96133167
0.8376159
0.5571936
0.53246075
0.97802794
0.55074173
0.03036434
0.40558344
0.3010056
0.660049
0.49655008
0.44374567
0.51225775
0.86801296
0.3610679
0.7699253
0.55915415
0.61172354
0.5866143
0.09983187
0.6059545
-0.04346876
0.47878116
0.69871557
0.19371979
0.77919406
0.5461213
0.8563537
0.16275205
0.5254377
0.49275646
0.7427301
-0.010662396
0.76041543
0.47347993
0.83721906
0.3572033
0.20676306
0.37931412
0.20333606
1.0000001
0.86359984
-0.03176442
0.6302536
0.37392414
0.16154948
0.62240106
0.5985341
0.5384107
0.59415233
0.11611876
0.19230917
0.7473005
0.74850535
0.80710775
0.27276656
0.72727746
0.46641442
0.89341426
0.5230952
0.33213806
0.27028677
0.7691312
0.69514835
0.9488397
0.16929667
0.44468886
0.3760897
0.5290415
0.71859825
0.975575
0.7135916
0.8904224
-0.044029385
0.056831494
0.5468885
-0.07420281
0.38680446
0.11221475
0.57527715
0.8444005
0.16113392
0.67171675
0.59889275
0.5985113
0.4970008
0.12018997
0.59811366
0.58022255
0.1468712
0.85284173
0.77551234
0.78652227
0.84254915
0.7470003
0.13895187
0.18075176
-0.03861008
0.43341893
0.8074228
0.07046449
0.28088814
0.71459454
-0.025368512
0.43000874
0.9582789
0.62105334
0.8815105
0.6640308
0.45710954
0.5421933
0.6654561
0.82920486
0.63436735
0.22024089
0.15191929
0.94712555
-0.0014306412
0.2947797
0.25217065
0.5105087
0.11426531
0.3998947
0.40026563
0.80849415
0.5757855
-0.0037426138
0.016690837
0.6010401
0.5023263
0.086185895
0.4889437
0.0938459
0.17959617
0.075106345
0.7993693
0.27827188
0.64330703
0.27040908
0.763781
-0.006131423
0.87690276
0.6010201
0.8589428
0.5201323
0.78765976
0.31655666
0.7343296
0.7900475
0.8489793
0.77070075
1.0000001
0.83768433
0.6868631
0.273776
0.6491676
0.35136014
0.19785087
0.0047904854
0.27168152
0.3505559
0.95635116
0.4588881
0.8741461
0.36314574
0.100807875
0.10160643
0.9928152
0.26653093
0.2515062
0.72083294
0.101994656
0.6638835
0.35078868
0.62620854
0.9385315
0.3681289
0.72641605
0.8552776
0.566169
0.3376766
0.836136
0.971011
0.16406116
0.7604424
0.98076785
0.22945838
0.8556012
0.69557893
0.35405597
0.25369954
0.14095896
0.7243484
0.38931304
0.20049882
0.21284641
0.48931894
0.67142326
0.74324507
0.7281075
-0.032423258
0.038907807
0.670891
0.40654927
0.36274278
0.6175573
0.7681148
-0.026543174
0.16166748
0.21446168
0.09214972
0.5767355
0.47345945
0.15191185
0.9629399
0.90229607
0.46867046
0.39001706
0.12006381
0.21729937
0.66663605
0.58602947
0.5550198
0.32314858
0.92842263
0.14460714
0.61838925
-0.034071825
0.81588525
0.6486421
0.5769492
0.7080138
-0.034935787
0.60578454
0.033174314
0.44110805
0.36447686
0.31246457
0.92307407
0.5878946
0.1988406
0.68174905
0.38491863
-0.11533406
0.8152502
0.3189825
0.79641014
0.41054985
0.7300138
0.64464206
0.6436409
0.22715206
0.14329417
0.9886831
0.46027878
0.769963
0.52809966
0.65030396
0.13006444
0.811612
0.5994523
0.7209571
0.21582204
0.6777418
0.2405139
0.92896646
0.8440286
0.74351215
0.7194556
0.8292241
0.40667564
0.5352522
0.73411405
0.6995351
0.36623797
0.29285482
0.10124293
0.11710526
0.5807889
0.55700314
0.8136141
0.8254807
0.54592234
0.17781052
0.84424233
0.52257514
0.027825765
0.402572
0.46664563
0.8150933
0.91116154
0.6600576
0.042583156
0.7226611
0.45825467
-0.0751549
0.7669999
0.64682597
0.7550152
0.26335493
0.4902213
0.71022934
0.023814451
0.65910745
0.44563
0.42444062
0.88412124
0.58212435
0.72008467
0.31134185
0.6234601
0.7372118
0.9201594
-0.0012081212
0.18935642
0.5449858
0.6572596
0.3800834
0.81158364
0.14831366
0.17997897
0.41453472
0.38709104
0.6683689
0.021382
0.06869247
0.6913792
0.89523184
0.7741265
0.80058956
0.35481054
0.7136859
0.8487314
0.64282215
0.61085796
0.74770427
0.21043603
0.716701
0.3779896
0.29198048
0.6618221
0.87748086
0.077354446
0.83273417
0.95128417
0.43564424
0.13074575
0.2740361
0.32479668
0.6069474
0.524063
0.71724397
0.6648332
0.80002934
0.7136061
0.29921386
0.9587376
0.76917624
0.614304
0.047755696
0.9138577
0.09865005
0.90003216
0.2638184
0.35003546
0.94272906
-0.029894248
0.5198846
0.91711295
0.22687481
0.62380785
0.13743433
0.56017566
0.68117225
0.61021805
1.0
0.8532847
0.6596044
0.57975686
0.5703479
-0.018024098
0.14134412
0.6467555
0.6623932
-0.076971024
0.335803
0.49086285
0.57211316
0.8486546
0.3387145
0.56771445
0.57230854
0.9233368
0.74583036
0.86855805
0.7959916
0.2419844
0.025254212
0.6743399
0.0046685818
0.8239939
0.57492334
0.13743684
-0.026560301
0.43221837
0.78997743
0.44256145
-0.0010535765
0.9866193
0.9059671
0.7659347
0.7332331
0.81387067
0.6680638
0.6807624
0.53434587
0.8179925
0.037761495
0.66490406
0.5980746
1.0000001
0.92296046
0.285825
0.4198058
0.016993143
0.68974227
0.68010676
0.5937012
0.2381072
0.7718502
0.310232
0.57630104
0.0054952926
0.8990944
0.63084775
0.5463553
0.88395834
0.92954355
0.85059273
0.30941513
0.13704051
0.43542084
0.44361895
0.70480686
0.9999999
0.3744181
0.42390713
0.81427777
0.9384735
0.8981734
0.6245116
0.26155493
0.85743153
0.74898756
0.95395166
0.5879792
0.42993438
0.5310564
0.30641893
0.077109635
0.3215367
1.0
0.30943525
0.2634295
0.55598885
0.8878814
0.11692083
0.36041427
0.7331612
0.6048343
0.43460256
0.16126955
0.2959701
0.7752945
0.7880157
0.96879596
0.6525537
0.6534152
0.53992605
0.26542127
0.98995876
-0.07090765
0.71020246
0.10064092
0.8897471
0.91227
0.41121316
0.55288875
-0.014377006
0.68759507
0.4643037
0.13282457
0.7707493
0.98195416
0.6831517
0.8143129
0.4402762
0.43649313
0.21331601
0.36819962
0.8594691
0.32495067
0.14711687
0.68671805
0.612812
0.542272
-0.016166098
-0.15047635
0.14069532
0.29971668
0.6766434
0.033318527
0.9573316
0.29800975
0.7374316
0.84933215
0.38087434
0.7644121
0.6582234
0.5644643
0.18261921
0.89149046
0.92400616
0.5701574
0.13475442
0.5152763
0.075458966
0.9115055
0.96707124
0.5712551
0.57415813
0.35597265
0.3125442
0.05468234
0.3975236
0.64240384
0.5531771
0.16877025
0.28124565
0.65724057
0.9276203
0.721175
0.34332004
0.814466
-0.108745895
0.10076163
0.84321815
0.47227737
0.9661912
0.67329764
0.6328009
0.7616249
0.4006772
0.6068273
0.4369964
0.7734555
0.79824764
0.96726066
0.15591957
0.0066841515
0.43739945
0.78568316
0.30628744
0.44396368
0.5566467
0.8996185
0.91109824
0.19248065
-0.07602228
0.8568707
0.622204
0.98427373
0.9855259
0.40850887
0.8198709
0.4891081
0.25510737
0.4272061
-0.03455388
0.3691816
0.8732687
0.6051509
0.15450315
0.72825867
0.49692354
0.3995337
0.7990281
0.9029398
0.77090585
0.3709882
0.41506407
0.2787971
0.07437847
1.0
0.29127437
0.4960588
0.79538697
0.86823386
0.19105104
0.88449854
0.4578645
0.041072574
0.07647751
0.5969503
0.5743818
0.29390967
0.4673976
0.6442731
0.78962356
0.42668426
0.59116197
0.77966285
0.1366602
0.5720354
0.7700975
0.57815564
0.2819083
0.2462823
0.28602335
0.6059613
0.44034362
0.24536477
0.43249774
0.73687124
1.0
0.5620441
0.8914701
0.106925555
0.90152645
0.40252295
0.86829567
0.65105414
0.1401938
0.43225053
0.5236995
0.8235313
0.7148184
0.45905086
0.734125
0.3760809
0.38493165
0.22866186
0.9271851
0.5867312
0.84114254
0.85085064
0.8011742
0.7279535
0.9988143
0.3123455
0.6082089
0.42814258
0.5131002
0.49066636
0.6733687
0.8775225
0.076317765
0.9922679
0.2277429
0.21769448
0.5811095
0.37371844
0.2401433
0.009057184
0.40957496
0.6495276
0.7416613
0.04093579
0.75977015
0.74764043
0.84843373
0.09933625
0.7113141
0.7900687
0.58359987
0.71788996
0.5830969
0.7981862
0.7876519
-0.14900102
0.3730762
0.22550128
0.2817746
0.048717324
0.12647747
0.83470994
0.7739512
0.6226103
0.834856
0.49220225
0.22990769
0.41982794
0.052110586
0.18602192
0.4180821
0.41230848
0.82484484
0.18027131
0.3976524
0.7418896
0.86265445
0.4696724
0.49209282
0.06967088
0.66445833
0.07094251
0.8241471
0.41903323
0.93359077
0.2121972
0.9657661
0.048615783
0.65082216
0.49616423
0.1699589
0.60128564
0.48071215
0.72471845
0.59124136
0.44650835
0.72916794
-0.05439059
0.7179149
0.5745655
0.7604362
0.6818806
-0.013618339
0.7022074
0.5791696
0.3307491
0.50689
0.5636111
0.4888716
-0.07453859
0.5126624
0.6084719
0.77516586
0.48918608
0.7988265
0.6705765
0.77775687
0.3067562
0.41453865
0.98219186
0.23126234
0.47189358
0.3424271
0.9127202
0.61413807
-0.080451615
0.14792363
0.5406868
0.8331155
0.4017355
0.7922686
0.35026538
0.22986574
-0.03345158
0.7128384
0.2165583
0.06618899
0.5942353
0.74641037
0.15623842
0.91856635
0.15328462
0.28158253
0.21301934
0.7943938
0.3386389
0.4558094
0.7282322
0.98683137
0.794265
0.30630124
0.5971342
0.8518872
0.24477912
0.2941789
0.42523158
0.16196227
0.47133598
0.596013
0.47143015
0.5245051
0.098127775
0.0908241
0.81983155
0.20280427
0.29752916
0.05131086
0.49972016
0.72847605
0.13507783
1.0
0.7936773
0.8249177
0.72816336
0.079916686
0.048622556
0.28272182
0.93250346
0.70172423
0.7619728
0.48952767
0.308915
0.25093877
0.5571186
0.5713671
0.10369667
0.23191223
0.39195576
0.13934952
0.17488933
0.24192163
0.32865945
0.54469097
0.43031093
0.39340416
0.54133266
0.97051185
0.2080182
0.06709947
0.6089464
0.75753075
0.6284181
0.29856044
0.8715394
0.6316433
0.10999843
0.7010914
0.27249038
0.53614664
0.1730851
0.24260469
0.0076813926
0.8179629
0.6824602
0.32145214
0.78818554
0.3958187
0.63315845
0.21091953
0.6225013
0.8894136
0.17975645
0.5502757
0.56664574
0.10114246
0.57588935
0.48826036
0.583885
0.30736408
0.9443493
0.25022757
0.54350215
0.077004775
-0.047177043
0.90963984
0.86263776
0.5804003
0.53638166
0.4852182
0.5767905
-0.041219592
0.84406304
0.33688042
0.34857202
0.043210566
0.83391017
0.9656707
0.76945025
-0.09949305
0.9315961
0.3123494
0.8658852
0.4550128
0.15417549
0.12323193
0.5193086
0.53190774
0.5588932
0.32538518
0.7827313
0.9454019
0.5116776
0.055165477
-0.028580058
-0.057202727
0.011537423
0.45126766
0.43828753
0.70572275
0.5915883
0.17936037
0.35492328
0.1789964
0.97097933
0.27656576
0.6448994
0.66657525
0.53175783
0.8227667
0.51793313
0.33607337
0.62966716
0.62225765
0.8629905
0.9963813
0.783921
0.41543198
0.96500176
0.62721443
0.5687626
0.45579785
0.2202037
0.0037748283
0.5568756
0.25444177
0.94932586
0.67531013
0.015448136
0.6544436
0.56831014
0.6563622
0.10456195
0.954918
0.92078185
0.0470089
0.8283518
0.5684814
0.9041539
0.22003502
0.43564424
0.15837884
0.33066368
0.8657613
0.44224203
0.6792789
0.7271998
0.5428704
0.081180505
-0.13659416
0.91652066
0.9189271
0.13697739
0.533724
0.72648054
-0.14630313
0.8157268
0.09536733
0.5365086
0.68839556
0.59025484
0.067718536
0.52221924
0.60458547
0.33656526
0.95278066
0.38520306
-0.16678825
0.87401056
0.76906097
0.20102608
0.41038132
0.8595037
0.29000378
0.9245668
0.91449624
0.7468861
0.34792557
0.52921677
0.430113
0.5706221
0.48540294
0.7341186
0.9054471
0.3995862
0.9057752
0.016240614
0.37877738
0.67602056
0.9883785
0.067390285
0.13424534
0.49091583
0.21878323
0.16583295
0.42319888
0.6507874
0.4055737
0.039171956
0.8128139
0.50727046
0.847996
0.31071782
0.35528374
0.7948686
0.46503147
0.8199654
0.71498555
0.13733378
0.8605446
0.30318516
0.49955344
0.06391123
0.38480917
0.6895927
0.07271403
0.81136745
0.33760548
0.4023117
0.115701914
0.047889628
0.9506925
0.117945805
0.9132859
0.75333476
0.39549482
0.7404076
0.9092541
0.26166558
0.33517358
0.91735506
0.08003748
0.5851819
0.46472248
0.27605873
0.5878341
0.22746427
0.46520546
0.1270048
0.39757937
0.09150452
0.2619362
0.3678655
0.6106986
0.7994923
0.8826851
0.6730063
0.5437457
0.42531383
0.82347375
0.7162947
0.56659657
0.6581784
0.66045386
0.1799415
0.29496098
0.75809216
0.77819777
0.22130066
0.11946341
0.4715266
0.51761794
0.5848367
0.5352085
0.6148269
0.80465233
0.8611552
0.8778326
0.60448074
0.7003518
0.4169259
0.85928154
0.47781312
0.87902355
0.88126916
0.79023975
0.24372709
0.5523141
0.98716915
0.59628034
-0.04161663
0.3144151
0.4092819
0.96453506
0.3932777
0.47469714
0.26358545
0.5458354
0.3569387
-0.11061193
0.87911916
0.90208703
0.44833696
0.3022146
0.48082298
0.14309247
0.5877793
0.75800294
0.66631687
0.85243237
0.002835205
0.38834864
0.84095186
0.38170207
0.4174631
0.9773326
0.6698122
0.55314374
-0.04006278
0.38462287
-0.027242316
0.7716438
0.86920255
0.907069
0.5951222
0.10329069
0.95065874
0.6395993
0.61161435
0.012277131
-0.01080161
0.53230304
0.41229546
0.64667916
0.0795034
0.14557399
0.80030614
0.45355248
-0.028534228
0.753653
0.685709
0.31506798
0.7226234
0.03638771
0.439092
0.6886101
0.83250713
0.721919
0.14796199
-0.085435145
0.6148079
0.48763546
0.79866374
0.67125964
0.43558416
0.92868465
0.6614656
0.28187108
0.08877499
0.7328839
0.83866596
0.17608911
0.50645494
0.6343026
0.169425
0.425869
-0.12297902
0.69634736
0.17729525
0.49690095
0.89999557
0.22746503
0.07319093
0.27502006
0.86613804
0.70054215
0.74807155
0.0995828
0.8239787
0.8081278
0.14703295
0.15751095
0.8682763
0.61200136
0.84600383
0.5061865
0.16885729
0.86791766
0.88769466
0.25577843
0.35936368
0.44857228
0.5541331
0.5680389
0.2149356
0.23866427
0.31254795
1.0
0.46011883
0.6003253
0.68503875
0.39219186
0.3089056
0.4503268
0.73940426
0.45840096
0.7536344
0.7397283
0.681839
0.7992497
0.325748
0.57297736
0.49782908
0.09032862
0.12894176
0.3056438
-0.0877141
0.5762676
0.6925971
0.22084983
0.49074838
0.86217916
0.83609587
0.699708
0.062099926
0.62918526
0.32802978
0.4743772
0.2753237
0.84915483
0.210195
0.66482705
0.869705
0.10618572
0.11800661
0.5248582
0.1274148
0.5812758
0.5727223
0.30908787
0.8671183
0.31491232
0.66677535
0.88614917
0.43031403
0.7574846
0.70019215
0.89882386
-0.065663
0.8051845
0.34276116
0.59475946
0.9147636
0.7380256
0.24997814
0.3297087
0.9598437
0.7993711
0.41542158
0.76846707
0.06093416
0.43371478
0.21519633
0.3314876
0.7349722
0.25097033
0.5459786
0.68083024
0.5115583
0.7735074
0.93374205
0.18767329
0.78027606
0.8821903
0.6785627
0.13658233
0.56373066
-0.031123543
0.62656546
0.779736
0.39003235
0.46309325
0.8905521
0.23078877
0.47721258
0.70580536
-0.07355808
0.9376512
0.28839827
0.28560698
0.50382113
0.708964
0.7250717
0.7633036
0.12959419
0.30511537
0.40885556
0.16552967
0.29336363
0.5810908
0.62093514
0.49319685
0.4057827
0.09823274
0.8659827
0.47727013
-0.073577
0.75880957
0.6279361
-0.004425089
0.13781936
0.20949982
0.0350948
0.7469757
0.61241245
0.9618906
0.42722252
0.9228056
0.3424245
0.8352687
0.28622788
0.30099413
0.9163592
0.8794636
0.67138076
0.32860124
0.80717874
0.48395202
0.7639271
0.86816275
0.8399599
0.74708563
0.5111014
0.31010315
0.1575155
0.6193971
0.5957081
0.7840883
0.7329
0.98609453
0.6853742
0.6917982
0.20599739
-0.040197305
0.89618313
0.91566396
0.19573015
0.32120386
0.70774937
0.99024665
0.5861307
0.27878508
0.6524756
0.712261
-0.005871086
0.0006146938
0.5040601
0.70382243
0.8084081
0.42540643
0.19878078
0.6269545
0.1792956
0.24876837
0.13913235
0.83320767
0.496986
0.7548861
0.392731
0.09740076
0.76902324
0.20795141
0.8151616
0.16564937
0.43636248
0.5253585
0.8073486
-0.0062797708
0.13154387
0.5488583
0.07141994
0.5533743
0.148984
0.6129576
0.081407495
0.54089206
0.61147666
0.76664454
0.71327734
0.81511974
0.66221744
0.8394685
0.16244209
0.6127501
0.36292228
0.6320567
0.7752367
0.7100767
-0.058374528
-0.060381867
0.29855356
0.027509514
0.81373626
-0.04116511
0.20341317
0.92081314
0.5605053
0.31774536
0.37985983
0.059069768
0.5603244
0.24424586
0.62854236
0.71872056
0.6809308
0.9290957
0.8175817
0.51364785
0.33663994
0.4674605
0.6967992
0.14573586
-0.043016404
0.49497536
0.06894833
0.60666525
0.64426595
0.8181993
0.1851839
0.10674754
0.43689004
0.74605805
0.78353643
0.48295942
0.34351104
0.8168238
-0.00010472573
0.913512
0.5105691
0.9736954
0.9446301
0.83966845
0.09972098
0.3453208
0.10946332
0.038945045
0.39340946
0.8236631
0.2310161
-0.03771011
0.7812573
0.74754167
0.34747297
0.9114054
0.27880487
0.3279119
0.8725229
0.12346895
0.573724
0.46939176
0.8333464
0.5157753
0.33618727
0.9552508
0.68554586
0.89433676
0.42963493
0.15323517
0.44078895
0.6954844
0.85617703
0.21342783
0.749176
0.6387572
0.8319798
0.12541673
0.74015284
0.8024219
0.82249665
0.7766561
-0.06675311
0.20690446
0.62012565
0.29958645
0.6697195
0.2322329
0.88981086
0.7610451
0.7751166
0.6705596
0.32058665
0.8111836
0.505008
0.3377416
0.5255225
0.77470326
0.041361943
0.0045843446
0.74016553
0.57454497
0.37329796
0.17152213
0.96764064
0.83734137
-0.06394758
0.7337558
0.30678776
0.23415977
0.84827757
0.54726434
0.06340981
0.23948409
0.5567134
0.84238946
0.3252145
0.24819376
0.87422764
0.7081293
0.9674541
0.35992423
0.5445884
0.6148804
0.7316227
0.064615935
0.5019663
0.4184949
0.57402575
0.72803074
0.9029599
0.7244282
0.14692941
0.3813802
0.031739432
0.12034665
0.60237426
0.7408246
-0.0851274
0.2029522
0.8237626
0.87244016
0.8116173
0.731737
0.6400614
0.29227713
0.36061552
0.37641406
0.4829848
0.19848235
0.37905726
0.67182195
0.35963532
0.32891
-0.03431463
0.12389043
0.9581704
0.6873873
0.43155676
0.18505615
0.191844
0.60099614
0.7151631
0.59740543
0.5295782
0.432932
0.9369187
0.80407965
-0.017058704
0.6940121
0.90655816
0.9676479
0.36101884
0.46674427
0.81663024
0.5183728
1.0
0.1233971
0.107759185
0.664491
0.78604245
0.6115006
0.2540303
0.8807938
0.6717786
0.84466434
0.7975965
0.78082204
0.7185831
0.10487807
0.9324174
0.7571663
0.06351167
0.86640966
0.9023587
0.55904794
0.8712029
0.8336299
0.3168721
0.39806426
0.31375638
0.11035408
0.34670013
0.17437014
0.46821204
0.6775885
0.9843966
0.8129382
0.24441823
0.80445004
0.74944925
0.18900663
0.2679769
0.5926822
0.41312754
0.9671674
0.55246454
0.7321865
0.41578665
0.4524376
0.30662796
0.28354073
0.10809506
0.18396308
0.06417251
0.7683031
0.52482873
0.15287866
0.37799498
0.24475613
0.43663338
0.06898241
0.28173295
-0.048558813
0.45430663
0.9590136
0.41214105
0.70599014
0.9549161
0.66696674
0.8236502
0.14490968
0.895038
0.49698606
0.8708292
0.86415076
0.8534843
0.936351
0.5072225
0.44490612
0.7753277
0.85727024
0.2878017
0.6542189
0.51691693
0.33649868
0.5460189
0.71536016
0.7622722
0.5388052
0.26549083
0.47194666
0.8301764
-0.048716694
0.16679049
0.122483514
0.02540035
0.7176978
0.26823318
0.9061558
0.5184365
0.89036477
-0.03664607
0.080393225
0.23710842
0.2410939
0.49012667
0.6755342
0.7580148
0.5003393
0.72404015
0.67692995
0.73272765
1.0
0.62560064
0.71866363
0.11113712
0.6712047
0.9689654
0.43515998
0.16931072
0.040725958
0.5981189
0.82079387
0.54480827
0.21447596
0.7618204
0.4986573
0.8899043
0.6277383
0.54119885
0.46043125
0.7765461
0.7099169
0.66770643
0.07937539
-0.013296655
0.2796547
0.60759103
0.22002265
0.39358017
0.14676134
0.84211844
0.21061313
0.41320568
0.8026451
0.8000977
0.9520428
0.7001852
0.27409866
0.64795774
0.77755886
0.54314303
0.82251006
0.43207535
0.65257484
0.6417417
-0.012771655
0.7801384
0.6880752
0.007731217
0.8124811
0.0937581
0.24305937
0.16464353
0.40928575
0.13194908
0.5682677
0.3896567
0.22901118
0.7017132
0.12220744
0.82913977
0.43911687
0.4149723
0.7992449
0.44793832
0.99161756
0.8185167
0.36011836
0.4017843
0.15386206
0.75977063
0.73208374
0.7495188
0.3060549
0.68388057
0.35678148
0.61674255
0.91663593
0.7835673
0.5574724
0.71238476
0.8475253
0.45119953
0.9352436
0.6326097
0.24252093
0.66942364
0.18073191
0.2888986
0.39685187
0.81022096
0.35085538
0.31910923
0.8538836
0.07092926
0.87029624
0.96302724
0.7423249
-0.049010288
0.7590872
0.4215874
0.969762
0.9010189
0.7519764
0.5835522
0.829406
0.7342734
0.7518861
0.9673189
0.33166352
0.61241275
0.3423328
0.5758745
0.54364425
0.4717005
0.37911463
-0.026717428
0.45437455
0.9009945
0.77649057
0.16729596
0.4576212
-0.03726229
0.5105779