0.8841336
0.0
0.4017803
0.71068
0.7615968
0.016434377
0.8691463
0.9507792
0.7227731
0.74743056
0.8055279
0.36143067
0.21157339
0.79699755
0.5660586
0.74659
0.18652578
0.13463324
0.09626009
0.6508962
0.5595172
0.6882943
0.08035934
0.94694936
0.8727899
0.96784043
0.59932625
0.43204382
0.23512518
0.67850524
0.89436924
0.0
0.6197407
0.0
0.6349041
0.54919165
0.20410821
0.75010324
0.53184426
0.6808971
0.36459208
0.7448149
0.6907928
0.64271224
0.39040217
0.1634643
0.67996216
0.59138876
0.51753074
0.55882096
0.46151543
0.12811999
0.9707386
0.77770954
0.0
0.6284236
0.38111812
0.16592097
0.9784767
0.9176891
0.9827034
0.15697716
0.5941227
0.4793569
0.05467573
0.9866919
0.41029495
0.18726741
0.26155367
0.82736105
0.564812
0.7141184
0.31656456
0.378064
0.5609314
0.39401343
0.6324234
0.8731496
0.31746837
0.9263788
0.78868055
0.29829836
0.54932624
0.0
0.6118792
0.8230517
0.1332101
0.8612845
0.27767769
0.22765067
0.58538264
0.4334579
0.2613698
0.6381501
0.15691403
0.4344067
0.37929586
0.7210256
0.15708725
0.5109093
0.8917079
0.677011
0.5172245
0.7558133
0.04461651
0.6064569
0.98808116
0.4650191
0.6645728
0.01623514
0.0
0.08218707
0.9895462
0.24194066
0.4644091
0.62217724
0.3777953
0.65839165
0.5480724
0.7797224
0.70686954
0.9112167
0.5019114
0.16091569
0.4240833
0.6621384
0.6125316
0.9146587
0.2977089
0.35780618
0.1547784
0.26024172
0.07256653
0.74545467
0.7447565
0.6575532
0.56175214
0.59905535
0.60500216
0.48912066
0.6564566
0.14366987
0.011098666
0.7810617
0.23483172
0.4460052
0.7488205
0.28921184
0.5851681
0.40366164
0.85577434
0.42396224
0.31772372
0.76374555
0.6196372
0.014268945
0.6319259
0.8118427
0.9831406
0.41214105
0.5305766
0.52080995
0.38780072
0.8777483
0.3197452
0.7408842
0.08490907
0.14262788
0.4650895
0.7384285
0.21003126
0.43488836
0.0
0.69267344
0.69690484
0.343385
0.8328544
0.83599234
0.32842287
0.87346125
0.4029246
0.8070767
0.5145508
0.9500188
0.54785734
0.8760406
0.18422672
0.62096417
0.13074239
0.9869707
0.9869914
0.80154634
0.59242445
0.57198626
0.63633484
0.62397754
0.5680399
0.28041646
0.6302067
0.6469293
0.30778784
0.6373701
0.23350388
0.92704403
0.9915663
0.47756764
0.96764445
0.9810538
0.35492328
0.59252673
0.8419841
0.73919636
0.12382702
0.9830381
0.16289343
0.0140218465
0.76428205
0.36165208
0.62802815
0.6763038
0.85854983
0.840351
0.96657276
0.13093084
0.2686216
0.276074
0.4410129
0.3367868
0.047201987
0.79965687
0.34275508
0.77601135
0.4291745
0.9132184
0.8273614
0.9167672
0.8720127
0.23779415
0.85552144
0.54640275
0.815157
0.69221693
0.3827914
0.1327601
0.46310288
0.4547511
0.0
0.25813174
0.8704311
0.08935908
0.50566417
0.83099943
0.8623775
0.9717672
0.77139336
0.9182158
0.12072402
0.69247496
0.4223992
0.6163652
0.6683576
0.16548471
0.6155637
0.8433535
0.0
0.0
0.3108191
0.47117162
0.026374247
0.3870886
0.9667964
0.40477362
0.32123208
0.51187086
0.0
0.3081877
0.4058088
0.3423241
0.97589064
0.6614358
0.6563271
0.28783688
0.59482247
0.7374787
0.3615632
0.9031619
0.60440326
0.19186263
0.68626523
0.2641149
0.6027931
0.77244693
0.89145225
0.17342314
0.4475379
0.16126153
0.39650124
0.55444556
0.35471362
0.6497318
0.09843188
0.6186426
0.67741126
0.6851413
0.4433308
0.12381546
0.3821577
0.79837596
0.0
0.41181776
0.8619095
0.59270483
0.38190117
0.67364347
0.74468523
0.0
0.0
0.57794076
0.9330127
0.88088936
0.13381259
0.17904344
0.7058221
0.7838322
0.17067683
0.9702606
0.7329574
0.5866915
0.0044016414
0.8193104
0.6291806
0.22361074
0.057405353
0.86087203
0.9814209
0.5784462
0.15972185
0.9073372
0.120957606
0.40327668
0.8632035
0.5535129
0.78928316
0.35874787
0.609492
0.64175665
0.0
0.56926394
0.60043985
0.49179772
0.23115525
0.6762199
0.62529457
0.8963809
0.091334
0.9688777
0.35402542
0.03479013
0.26476815
0.7059155
0.5668543
0.32487732
0.44243646
0.0022127123
0.7879552
0.60342705
0.93796045
0.43729368
0.62046117
0.9492117
0.15500455
0.38191345
0.82869923
0.0
0.7741957
0.71276504
0.3520969
0.39545545
0.0064224163
0.3514406
0.45579097
0.52931064
0.93009037
0.037094522
0.8411919
0.45840746
0.8083729
0.010569375
0.5213985
0.7719195
0.8062903
0.70151633
0.63131905
0.21101692
0.9266056
0.83270335
0.100713104
0.93672633
0.33069256
0.94137
0.7429749
0.0
0.1993059
0.48572737
0.3821227
0.37223324
0.7342662
0.2064961
0.07579307
0.4167739
0.550513
0.09635626
0.27844912
0.19908024
0.7275957
0.4239487
0.7369829
0.8413995
0.49857894
0.7691729
0.686838
0.7187069
0.49590704
0.4774206
0.74483687
0.7168964
0.8018377
0.52696353
0.93822795
0.7614936
0.37105832
0.13097087
0.8584469
0.6405331
0.8947789
0.76645625
0.39433843
0.78613216
0.10123528
0.7439342
0.6430971
0.29925013
0.83754444
0.07925417
0.51410043
0.35146114
0.8711841
0.0802438
0.9869732
0.27231872
0.49404678
0.51316214
0.58336776
0.43648902
0.86375123
0.54659194
0.53249365
0.454919
0.3407275
0.8692497
0.9195063
0.9010496
0.7955343
0.7196627
0.8030805
0.83379334
0.5471034
0.55210245
0.0
0.18414508
0.8991656
0.84581006
0.12470491
0.5462116
0.54770213
0.29142666
0.6120082
0.7161702
0.31122544
0.27866763
0.57535267
0.63827044
0.9095456
0.049738273
0.48498616
0.8158194
0.44818842
0.05340658
0.5020935
0.12981229
0.7904417
0.25387323
0.6204871
0.6667071
0.43284133
0.36132854
0.4102784
0.9650716
0.97766834
0.7502591
0.6752486
0.61309785
0.33320588
0.78390425
0.56143636
0.64454556
0.8210366
0.655619
0.53779984
0.17958462
0.33954322
0.985924
0.8634002
0.17911266
0.25245902
0.2980717
0.970685
0.78565246
0.006216502
0.4296069
0.1905672
0.6675849
0.7677794
0.76313704
0.38087183
0.23954651
0.970431
0.5997754
0.47721088
0.9942348
0.7561829
0.25902838
0.17466855
0.36556825
0.079861626
0.0
0.53602505
0.5758179
0.88784575
0.6019378
0.07792668
0.24837539
0.28042817
0.1502799
0.4864557
0.22177741
0.045815583
0.0
0.98279023
0.6550209
0.53621054
0.84092516
0.8160309
0.8616241
0.6956582
0.69637465
0.56459564
0.76491886
0.5579285
0.0
0.83011746
0.55719066
0.96760863
0.86406565
0.7357588
0.10963976
0.5277292
0.15715592
0.691247
0.62858033
0.034862638
0.9115627
0.45391184
0.084694274
0.56123704
0.50959295
0.5268793
0.6493496
0.02023465
1.0
0.8805364
0.031604458
0.22949742
0.30819204
0.95572174
0.0
0.90832686
0.4901405
0.049228307
0.9149618
0.42717168
0.30340415
0.9183064
0.62140065
0.0731556
0.5391658
0.169022
0.43765688
0.22151414
0.95855165
0.7089383
0.63775784
0.33034116
0.618466
0.2999009
0.079440154
0.8879672
0.7257632
0.2964875
0.5791086
0.18168081
0.21865179
0.31827116
0.92104656
0.7070669
0.1644493
0.86585635
0.77435076
0.30268717
0.8540689
0.29412043
0.48060647
0.13997361
0.24482423
0.12217446
0.82286286
0.63164324
0.6940211
0.80492324
0.76197153
0.6296016
0.66407675
0.12601368
0.030000405
0.42402652
0.4439855
0.031160004
0.44333234
0.7068412
0.23164405
0.36877066
0.54378
0.9571846
0.60156447
0.8047116
0.75163096
0.85090667
0.20320514
0.8093796
0.11549305
0.7015206
0.6510337
0.88835
0.3777122
0.71365124
0.5454627
0.82169074
0.5795858
0.0
0.38234463
0.9921454
0.23694472
0.59843737
0.6171465
0.25004032
0.0
0.5985297
0.4681231
0.60612404
0.8010188
0.09331917
0.71095496
0.9841714
0.5478098
0.17403644
0.67123044
0.8769249
0.607065
0.6646084
0.5222014
0.08132384
0.46882463
0.49555787
0.8104878
0.028160624
0.5145363
0.0
0.4836178
0.23896217
0.33963683
0.077006996
0.63529634
0.5901599
0.23997775
0.5578103
0.7974934
0.42523158
0.8359463
0.287019
0.62099326
0.35036367
0.86667144
0.24170361
0.3873641
0.87506294
0.6716746
0.06725736
0.7702343
0.41130906
0.5965125
0.14546023
0.81243277
0.78376013
0.7291926
0.75537026
0.5592366
0.6198718
0.0360288
0.42984197
0.823364
0.49029616
0.6532975
0.83909744
0.0
0.9409013
0.67390233
0.69825405
0.6541504
0.7495294
0.8120223
0.027975807
0.5951476
0.0
0.75965065
0.54920685
0.966502
0.0
0.18924333
0.79979306
0.65096253
0.20274751
0.11831785
0.8843565
0.97022045
0.7122786
0.4340999
0.65745753
0.5365434
0.68628633
0.8482805
0.24749473
0.26216802
0.6388626
0.8391778
0.17676273
0.7887086
0.87286437
0.26415637
0.68648475
0.6430968
0.2513007
0.6333485
0.11276454
0.7237796
0.43055937
0.12457877
0.39775547
0.3602534
0.6710087
0.23801962
0.98068005
0.85952693
0.0
0.24365781
0.926868
0.32826865
0.34944385
0.9216362
0.14596358
0.6839127
0.011123812
0.549958
0.23752134
0.81435764
0.8084066
0.8038289
0.8117725
0.510524
0.85641605
0.23964237
0.21862476
0.009268828
0.49160877
0.11357706
0.0
0.61721194
0.6149054
0.47133738
0.470154
0.6694002
0.66274065
0.14787555
0.6075765
0.57039076
0.30847847
0.8536193
0.12091172
0.5181884
0.42574957
0.6359321
0.6567848
0.8331002
0.75433236
0.5392324
0.59913605
0.842571
0.0
0.95332
0.4124794
0.6357675
0.51645344
0.0
0.7738262
0.5385931
0.82761294
0.93072766
0.12835966
0.46642074
0.009652771
0.9897318
0.2704604
0.038793705
0.35801622
0.46848628
0.32985574
0.983619
0.026407836
0.44965023
0.0
0.0
0.13882034
0.38595432
0.95953566
0.7342639
0.7084144
0.91877025
0.58702976
0.4743375
0.131771
0.7065529
0.028607266
0.9471774
0.46502456
0.4639079
0.45917532
0.16600993
0.15204488
0.33723384
0.8732235
0.6632865
0.76325583
0.77779454
0.75465727
0.8192648
0.3152636
0.63490003
0.5913591
0.33400154
0.057476148
0.50152814
0.19428688
0.68822193
0.97984904
0.885609
0.62777275
0.8758897
0.8134838
0.22114241
0.8325092
0.3458448
0.06543534
0.20260593
0.89348453
0.39082357
0.68007326
0.028037101
0.75209963
0.60144264
0.8250363
0.6995513
0.44215006
0.78410935
0.55868566
0.82283336
0.4298139
0.48631626
0.47846135
0.99324834
0.874347
0.8950898
0.13431649
0.62699246
0.2931442
0.80726177
0.6948544
0.47287056
0.711136
0.71629304
0.3917716
0.86598873
0.5550185
0.8065936
0.53228813
0.6105717
0.34405288
0.21500951
0.47472286
0.4226314
0.6106704
0.5478788
0.40482697
0.58779323
0.7152701
0.8706205
0.80248785
0.5751809
0.36487052
0.3604298
0.5080296
0.76096743
0.10309629
0.0
0.29150978
0.0
0.23582058
0.702617
0.8262685
0.31574503
0.8785058
0.788207
0.9729306
0.694393
0.76792896
0.8691762
0.2057593
0.23620325
0.9155416
0.2183416
0.6912217
0.27511838
0.18883774
0.24220438
0.53657687
0.024730476
0.34211197
0.5734867
0.26601467
0.6935261
0.8829561
0.9382116
0.2629036
0.8500463
0.6163352
0.35121214
0.8877325
0.9411145
0.67655265
0.21712896
0.64668554
0.36353424
0.8559506
0.04971543
0.9047904
0.879613
0.7573037
0.92797524
0.6009284
0.7282941
0.7282787
0.29696104
0.33593106
0.80216366
0.71750396
0.74864584
0.41260192
0.60479176
0.82152694
0.3649253
0.2599181
0.17947057
0.37775934
0.24687308
0.6287497
0.440743
0.79053366
0.85024625
0.43771148
0.9226629
0.91823447
0.77724785