,top_n,bert_theta,gtp_theta,bleu,mover,rouge-1,rouge-4,rouge-l,rouge-w
0,10,0.13237534074916865,0.012469281539333701,14.313991451179,28.933121166636344,34.9492673992674,19.838400814871402,34.9492673992674,34.9492673992674
1,2,0.4172523828077219,0.009944447427437018,15.07388025430007,27.94326725995008,34.5460927960928,21.831597487479844,34.47942612942613,34.47942612942613
2,6,0.14296693508618438,0.013566848875723025,15.247146971288,29.804521609338913,35.64093406593407,21.559829386299977,35.64093406593407,35.64093406593407
3,3,0.4635265250750874,0.013531496120011817,15.190959376921358,28.299616131157254,34.46355311355312,21.854592139886257,34.46355311355312,34.46355311355312
4,3,0.223256584566666,0.002902627116405234,16.18645120762916,29.573548312253997,35.61645299145299,22.57433155080214,35.61645299145299,35.61645299145299
5,10,0.3972634517448673,0.01063543774602281,14.428211930030287,27.06135605860536,34.20753968253968,19.71938290467702,34.20753968253968,34.20753968253968
6,8,0.5794246952708357,0.004972426352992721,12.706453187721078,24.362870307875834,30.976642801642807,17.125,30.976642801642807,30.976642801642807
7,4,0.4498139365453462,0.003998491521903959,15.247897933405651,28.362923134118137,34.513553113553115,21.046749002631355,34.513553113553115,34.513553113553115
8,6,0.5251735745940187,0.01896780648684974,13.779434241443381,27.226951756579776,33.69688644688645,20.312987012987016,33.69688644688645,33.69688644688645
9,8,0.22877157976276732,0.0019303930437088346,16.230148952927923,29.328933205860125,35.349664224664224,22.581690858161448,35.282997557997554,35.282997557997554
10,3,0.4181198757348641,0.0038532618426296303,15.596430057069762,28.900723767286006,35.22863247863248,23.521258806552925,35.22863247863248,35.22863247863248
11,5,0.10420817135970059,0.019834393651122637,15.143431900614665,29.581752457956078,35.54093406593407,21.416972243442835,35.54093406593407,35.54093406593407
12,4,0.11973849325917038,0.011246463600985905,14.988305419900723,29.53657110098125,35.51593406593407,21.159829386299975,35.51593406593407,35.51593406593407
13,9,0.18351560116376567,0.008978817128772566,15.461099463379863,29.734945496364585,35.12069597069598,22.229309905780497,35.12069597069598,35.12069597069598
14,3,0.5856727286005091,0.006654581902465361,13.85796616237508,26.251528748182572,32.85125152625153,18.60692640692641,32.72625152625153,32.72625152625153
15,6,0.5396333201771413,0.016696447425121694,14.207731655288738,27.392315863913407,33.63021978021979,20.47965367965368,33.63021978021979,33.63021978021979
16,4,0.10305073186038252,0.016902120642622292,14.884590349227388,29.27047092926358,35.41593406593407,21.016972243442833,35.41593406593407,35.41593406593407
17,9,0.5354112066977822,0.00882969300509585,12.984170832597227,25.709995622994192,32.09764402264403,18.139065019947374,32.09764402264403,32.09764402264403
18,5,0.15303078589439503,0.016855837702571663,15.46820075923731,30.38088662301786,35.840934065934064,22.559829386299977,35.840934065934064,35.840934065934064
19,4,0.24260733837997187,0.0179726159287727,16.741778058630015,30.323205619066737,36.03311965811966,23.787318563789153,36.03311965811966,36.03311965811966
20,5,0.22457833697465793,0.01865903694325073,15.371201555171416,29.849418809805954,35.623595848595855,21.738617265087857,35.623595848595855,35.623595848595855
21,9,0.41202670756110527,0.012730038536550324,14.892491351010696,27.762243123216702,34.426984126984124,21.72591885238944,34.426984126984124,34.426984126984124
22,4,0.17020699557589317,0.018252723565994756,16.593368526931023,30.42033512318151,36.02625152625153,23.35550038197097,36.02625152625153,36.02625152625153
23,9,0.5964160237149315,0.0024700826688171386,12.242715837788927,23.9069540391632,31.437326562326568,16.048588829471182,31.312326562326568,31.312326562326568
24,8,0.4259548754573367,0.00422596301028101,14.509909268322552,27.730014603656958,34.24529914529914,21.491503267973854,34.24529914529914,34.24529914529914
25,7,0.42581761849435307,0.014021795659917305,14.248482914598757,27.807909887146284,34.396886446886455,20.808169934640524,34.396886446886455,34.396886446886455
26,5,0.34283454666058566,0.003132188144898267,15.988480966117544,29.50045770618694,35.417521367521374,23.707159833630424,35.417521367521374,35.417521367521374
27,6,0.2873978162063947,0.017729535332284788,16.595397850889054,29.641267854977777,35.52029914529915,23.46083948731008,35.52029914529915,35.52029914529915
28,8,0.23613264354873817,0.009052203594411511,16.53505855197384,29.92937915361387,35.663553113553114,23.229309905780497,35.596886446886444,35.596886446886444
29,6,0.5899809547342845,0.008222987522906119,13.494179182515701,25.763984606481245,32.1131562881563,18.035209235209237,32.1131562881563,32.1131562881563
30,6,0.17988133324789926,0.01734911369878843,16.241366564219547,30.739632251003002,36.037362637362634,23.450738477209065,36.037362637362634,36.037362637362634
31,3,0.4205657968151868,0.005947397503778453,15.596430057069762,28.908305797770286,35.08577533577534,22.521258806552925,35.08577533577534,35.08577533577534
32,7,0.5115182088236317,0.017537477752869252,14.16471881362487,26.785339523259097,33.2960927960928,19.581385281385284,33.2960927960928,33.2960927960928
33,9,0.14897492428182266,0.010229846811139351,14.332606058435134,28.936115948252603,34.9242673992674,19.838400814871402,34.9242673992674,34.9242673992674
34,9,0.5870905693923426,0.01412827397112116,12.96085342567983,24.526351760205518,31.687326562326568,16.90573168661404,31.687326562326568,31.687326562326568
35,2,0.5543689655734401,0.008611099155907031,14.06360908091595,26.3228424238689,33.15085470085471,18.283978439860793,32.959188034188045,32.959188034188045
36,6,0.5629821132596877,0.017788171062906984,13.70275334141696,26.308891107726144,32.31077533577535,18.72965367965368,32.31077533577535,32.31077533577535
37,7,0.20575931661772232,0.003941060510735801,15.341004660762179,29.624870530418363,35.62069597069597,21.365024191494786,35.5540293040293,35.5540293040293
38,6,0.25727012594115417,0.005578259988698622,16.575598976032676,30.44392248180089,35.86645299145299,24.060045836516423,35.86645299145299,35.86645299145299
39,2,0.443350267362683,0.01613730123985839,14.984376874752591,27.656229455277288,34.13418803418804,20.83159748747984,34.06752136752138,34.06752136752138
40,1,0.25581205803254037,0.011272536876864532,16.113836344088416,29.993638768824628,35.513614163614164,23.29597657244716,35.513614163614164,35.513614163614164
41,8,0.2707997418126983,0.018285785193192766,16.41951646353604,29.589215051209017,35.55641025641026,22.72750615397674,35.55641025641026,35.55641025641026
42,10,0.11856788706114027,0.00985440523076931,14.313991451179,28.959802645702954,34.9492673992674,19.838400814871402,34.9492673992674,34.9492673992674
43,10,0.4909470562030157,0.012497891692531099,14.029927831563885,25.26215384205602,32.76593406593407,18.729751294457177,32.76593406593407,32.76593406593407
44,4,0.5710861484644095,0.012441014328250784,13.966670391664735,26.43720112491833,32.45839438339439,17.939606145488497,32.33339438339439,32.33339438339439
45,7,0.5970246066411572,0.0039894976250185255,12.966307855274291,24.49926694377106,31.377045177045183,16.77777777777778,31.377045177045183,31.377045177045183
46,4,0.5558850456761248,0.008656625747358933,13.966670391664735,26.683251299880805,32.783394383394395,18.439606145488497,32.658394383394395,32.658394383394395
47,2,0.5900453289372618,0.017503792115393695,14.042794716973084,25.56491843536028,32.58656898656899,17.79155419743655,32.39014041514042,32.39014041514042
48,9,0.2718041671511251,0.009072448749580953,16.174577030116698,29.35067676243873,35.146031746031746,22.422960699431286,35.146031746031746,35.146031746031746
49,2,0.2753874580860063,0.011909128258769882,17.22618967347702,30.383036004574667,36.29893162393162,24.88731856378915,36.23226495726496,36.23226495726496
50,3,0.5298203388632994,0.006588010033295054,15.189838992243155,27.922778641495018,34.38379120879121,21.49184704184704,34.38379120879121,34.38379120879121
51,10,0.5626956118117139,0.017627860525714693,12.814906838527858,23.483281846759194,30.865073815073824,15.63050887021475,30.865073815073824,30.865073815073824
52,1,0.17164595889095782,0.0028517057752783246,15.332121994637479,29.777801145660806,35.775061050061055,22.691214667685255,35.775061050061055,35.775061050061055
53,10,0.10202304844809587,0.010548692570180599,13.401169668935443,28.38764963840455,34.78260073260073,18.69554367201426,34.78260073260073,34.78260073260073
54,3,0.5655559966386583,0.0034678308420796923,14.604574575610462,27.4657877419242,33.584584859584865,19.964069264069263,33.584584859584865,33.584584859584865
55,2,0.14309938400910713,0.007253756463950575,14.611379447735246,29.865435423191688,35.62069597069597,22.1840718105424,35.62069597069597,35.62069597069597
56,10,0.16426628021619818,0.011667070425511912,14.46947422831344,29.53827849828957,35.249267399267396,20.838400814871406,35.249267399267396,35.249267399267396
57,1,0.3544439766549311,0.006568710764743823,15.307610012965409,28.16845237356988,34.529426129426135,21.91581784228843,34.462759462759465,34.462759462759465
58,3,0.20050714226641694,0.003550423292162661,14.986294650869652,29.22421383506095,35.35958485958486,21.06978609625669,35.35958485958486,35.35958485958486
59,5,0.19753929051157945,0.010992641714052027,15.81799726397608,30.05653943243772,35.80125152625153,22.784071810542404,35.80125152625153,35.80125152625153
