0.8968593
-0.03223005
0.4725857
0.71068
0.7615968
0.016434377
0.8691463
0.9507792
0.7227731
0.74743056
0.8055279
0.36143067
0.21157339
0.79699755
0.51434344
0.74659
0.18652578
0.15172254
0.09626009
0.6508962
0.5595172
0.6882943
0.053828068
0.94694936
0.8727899
0.96784043
0.59932625
0.4013493
0.23512518
0.67850524
0.89436924
-0.024819177
0.6197407
0.0319874
0.6349041
0.54919165
0.20410821
0.52631766
0.53184426
0.6808971
0.98685586
0.7448149
0.6907928
0.64271224
0.39040217
0.19043453
0.67996216
0.59138876
0.51753074
0.55882096
0.46151543
0.12811999
0.9707386
0.77819324
-0.018907519
0.6284236
0.38111812
0.023974117
0.9784767
0.9176891
0.9827034
0.14441031
0.5941227
0.56818485
0.05467573
0.9866919
0.41029495
0.18726741
0.26155367
0.48356965
0.60244274
0.7043862
0.2768303
0.378064
0.5526724
0.39401343
0.6324234
0.8731496
0.5097344
0.9263788
0.78868055
0.29829836
0.54932624
-0.027279448
0.6701828
0.81139046
0.3846657
0.8612845
0.28953046
0.22932257
0.58538264
0.4334579
0.2613698
0.6381501
0.15691403
0.4344067
0.5178881
0.7210256
0.15708725
0.5109093
0.8917079
0.677011
0.5874037
0.7558133
0.04461651
0.6064569
0.98808116
0.4650191
0.6645728
-0.012347922
-0.018354122
0.08218707
0.9895462
0.24194066
0.4644091
0.63738155
0.3777953
0.65839165
0.5480724
0.7797224
0.70686954
0.9112167
0.39490932
0.16091569
0.4240833
0.6621384
0.6125316
0.9146587
0.2977089
0.35780618
0.1547784
0.28214112
0.07256653
0.74545467
0.7447565
0.6575532
0.56175214
0.5763466
0.60500216
0.48912066
0.66319984
0.20304112
0.011098666
0.77866405
0.23483172
0.4460052
0.7488205
0.28921184
0.5268381
0.5747588
0.8555106
0.5091019
0.31772372
0.76374555
0.6475046
0.014268945
0.6319259
0.8118427
0.9831406
0.41214105
0.6051777
0.7481891
0.38780072
0.8777483
0.3197452
0.7408842
0.08490907
0.14262788
0.4650895
0.7384285
0.20949353
0.43488836
-0.013484803
0.7373392
0.69690484
0.4260902
0.8328544
0.83599234
0.32842287
0.87346125
0.4029246
0.81677526
0.5145508
0.9500188
0.54785734
0.8554427
0.08622873
0.62096417
0.13074239
0.9869707
0.9869914
0.7432461
0.59242445
0.57198626
0.63633484
0.6087624
0.667522
0.33195433
0.6677748
0.6469293
0.24816474
0.63101876
0.23350388
0.92704403
0.9915663
0.47756764
0.96764445
0.9810538
0.35492328
0.59252673
0.84134907
0.73919636
0.12382702
0.9830381
0.16289343
0.0140218465
0.76428205
0.36165208
0.62802815
0.7116853
0.85854983
0.8148979
0.96657276
0.13093084
0.2686216
0.276074
0.4410129
0.3367868
0.047201987
0.8289604
0.34381232
0.77601135
0.4291745
0.9052462
0.8273614
0.9167672
0.8828953
0.23779415
0.85552144
0.60812664
0.815157
0.60996604
0.3827914
0.1327601
0.46310288
0.4547511
-0.014254416
0.25813174
0.8704311
0.08935908
0.50566417
0.83099943
0.8623775
0.9722643
0.77139336
0.9182158
0.12072402
0.69247496
0.4223992
0.6163652
0.6683576
0.16548471
0.6155637
0.8433535
-0.03867058
-0.062705755
0.28168187
0.47117162
0.026374247
0.3870886
0.93404
0.44364065
0.27368206
0.4953181
-0.13224037
0.3081877
0.4058088
0.3423241
0.97589064
0.6614358
0.6563271
0.28783688
0.6492754
0.7374787
0.45867476
0.922898
0.60440326
0.19186263
0.68626523
0.2641149
0.60513586
0.77244693
0.89145225
0.17342314
0.4475379
0.16126153
0.33498022
0.55444556
0.35471362
0.6497318
0.09843188
0.6186426
0.53700775
0.6851413
0.4433308
0.12381546
0.3821577
0.8108652
-0.008745048
0.41181776
0.8481537
0.59270483
0.38190117
0.82737076
0.74468523
-0.054220356
-0.05367246
0.57794076
0.9330127
0.95570534
0.14239204
0.17904344
0.7058221
0.7838322
0.17923012
0.9702606
0.7329574
0.5866915
0.0044016414
0.8193104
0.6291806
0.21872768
0.057405353
0.86087203
0.9814209
0.5784462
0.15972185
0.9073372
0.120957606
0.40327668
0.8632035
0.5535129
0.801072
0.34309697
0.66330385
0.64175665
-0.062749505
0.56926394
0.60541195
0.49179772
0.22743678
0.58509773
0.62529457
0.8963809
0.091334
0.9688777
0.35402542
0.03479013
0.26476815
0.7059155
0.5668543
0.32487732
0.61860245
0.0022127123
0.7879552
0.75071603
0.93796045
0.43729368
0.62046117
0.9492117
0.15500455
0.38191345
0.82869923
-0.06040319
0.7741957
0.85661954
0.3520969
0.39545545
0.021858944
0.3514406
0.45579097
0.52931064
0.93009037
0.037094522
0.8411919
0.45840746
0.80261034
0.010569375
0.5213985
0.7719195
0.8062903
0.7312494
0.63131905
0.21101692
0.91391134
0.83270335
0.107704476
0.93672633
0.33069256
0.94137
0.7429749
-0.043314204
0.1993059
0.48572737
0.3821227
0.37223324
0.7342662
0.2064961
0.07579307
0.4167739
0.5530438
0.09635626
0.26734614
0.21909294
0.7287925
0.4239487
0.7369829
0.8427867
0.49857894
0.7691729
0.71072406
0.6594645
0.49590704
0.4774206
0.74483687
0.7168964
0.8018377
0.52696353
0.93822795
0.7640413
0.33581698
0.13097087
0.8584469
0.6405331
0.8947789
0.76645625
0.39433843
0.78613216
0.08514507
0.7439342
0.6430971
0.34654585
0.83754444
0.07925417
0.51410043
0.35146114
0.9856255
0.0802438
0.9869732
0.27231872
0.47035667
0.51316214
0.58336776
0.43648902
0.86175364
0.4571433
0.5571479
0.454919
0.3407275
0.8692497
0.9195063
0.9010496
0.7955343
0.7196627
0.8030805
0.83379334
0.5413897
0.5618383
-0.009232772
0.18414508
0.8991656
0.84581006
0.12470491
0.5462116
0.54770213
0.29142666
0.6120082
0.72134453
0.31122544
0.32705405
0.57535267
0.63827044
0.9095456
0.095726095
0.48498616
0.81160253
0.44818842
0.05340658
0.5020935
0.12981229
0.7904417
0.25387323
0.6204871
0.6667071
0.43284133
0.34441462
0.39271507
0.9650716
0.97766834
0.6397431
0.6752486
0.61309785
0.33320588
0.78390425
0.56143636
0.64454556
0.8210366
0.655619
0.5309197
0.17958462
0.33954322
0.985924
0.8634002
0.17473637
0.25245902
0.2980717
0.970685
0.78565246
-0.0484049
0.4296069
0.142843
0.5400281
0.7677794
0.76313704
0.38087183
0.22716065
0.96424145
0.5997754
0.75668067
0.9942348
0.7488045
0.14340228
0.17466855
0.35547704
0.079861626
-0.052184023
0.53602505
0.5758179
0.88784575
0.6019378
0.17449982
0.2655211
0.28042817
0.1502799
0.47100556
0.22177741
0.09244221
-0.025819935
0.98279023
0.65601957
0.53621054
0.84092516
0.8160309
0.8616241
0.6956582
0.69637465
0.56459564
0.76491886
0.5579285
-0.011299217
0.83011746
0.55719066
0.96760863
0.86364686
0.7357588
0.10963976
0.5277292
0.15715592
0.68300444
0.62858033
0.034862638
0.9115627
0.45391184
0.084694274
0.7895936
0.50959295
0.5268793
0.7246095
0.02023465
1.0
0.8805364
0.031604458
0.22949742
0.30819204
0.95572174
-0.014834193
0.90832686
0.4901405
0.049228307
0.7248033
0.46627036
0.30340415
0.9183064
0.62140065
0.0731556
0.5391658
0.169022
0.43765688
0.22151414
0.95855165
0.725229
0.89130574
0.33034116
0.618466
0.2999009
0.079440154
0.9021638
0.65002275
0.2964875
0.56237304
0.18168081
0.21865179
0.31827116
0.92104656
0.7070669
0.14920448
0.86585635
0.75198835
0.30268717
0.8540689
0.3849962
0.48060647
0.101976395
0.24482423
0.12217446
0.82286286
0.5459598
0.6940211
0.80492324
0.76197153
0.6912987
0.66407675
0.12601368
0.030000405
0.42402652
0.4439855
0.031160004
0.44333234
0.7068412
0.23164405
0.36877066
0.54378
0.9571846
0.60156447
0.8047116
0.73671937
0.85090667
0.20320514
0.8093796
0.11549305
0.8456149
0.6510337
0.88835
0.3777122
0.71365124
0.5028855
0.82169074
0.9633427
-0.066032596
0.4028597
0.9921454
0.23427317
0.59843737
0.62245584
0.24925523
-0.06769877
0.65999675
0.4681231
0.60612404
0.8010188
0.09331917
0.71095496
0.9841714
0.5478098
0.17403644
0.67123044
0.8681303
0.607065
0.6646084
0.50830144
0.08132384
0.34817392
0.49555787
0.8104878
0.028160624
0.5145363
-0.0030783613
0.4836178
0.23896217
0.33963683
0.077006996
0.63529634
0.5901599
0.19510897
0.5578103
0.7974934
0.42523158
0.8393172
0.287019
0.5701427
0.35036367
0.86667144
0.24170361
0.3873641
0.87506294
0.73094887
0.06725736
0.7702343
0.37868693
0.48276344
0.14546023
0.81243277
0.80715066
0.7455473
0.75537026
0.5592366
0.6198718
0.097247854
0.42984197
0.823364
0.49029616
0.6973396
0.83909744
-0.018597644
0.9409013
0.67390233
0.69825405
0.6541504
0.7495294
0.6917713
0.027975807
0.5951476
-0.042945806
0.7585373
0.54920685
0.966502
-0.027333729
0.13005014
0.79979306
0.58836687
0.20274751
0.11831785
0.8843565
0.97022045
0.6717734
0.4119987
0.65745753
0.5365434
0.68628633
0.8482805
0.20396046
0.26216802
0.6388626
0.8391778
0.17676273
0.7887086
0.87286437
0.26415637
0.68648475
0.6430968
0.2513007
0.6333485
0.11276454
0.7237796
0.43055937
0.12457877
0.2767852
0.3602534
0.5289915
0.23801962
0.98068005
0.85952693
-0.069393024
0.24365781
0.93337494
0.32826865
0.34944385
0.9216362
0.14596358
0.6839127
-0.03592585
0.549958
0.23752134
0.81435764
0.8084066
0.8038289
0.8117725
0.6041726
0.85641605
0.23964237
0.21862476
0.009268828
0.49160877
0.11357706
-0.04673064
0.61721194
0.65432775
0.42239285
0.470154
0.6694002
0.61650884
0.14787555
0.6075765
0.57039076
0.30847847
0.8536193
0.12091172
0.5181884
0.5408879
0.6359321
0.6567848
0.8331002
0.75433236
0.5392324
0.59913605
0.842571
-0.106696814
0.95332
0.4124794
0.78188944
0.51645344
-0.025145482
0.7738262
0.7943709
0.82761294
0.93072766
0.12835966
0.46642074
0.009652771
0.9897318
0.2704604
0.038793705
0.35801622
0.46848628
0.32985574
0.983619
-0.051058132
0.44965023
-0.15521678
-0.017502112
0.13882034
0.38595432
0.97708005
0.7342639
0.7084144
0.91877025
0.58702976
0.4743375
0.131771
0.7065529
-0.10906408
0.9471774
0.46502456
0.4639079
0.45917532
0.16600993
0.15204488
0.33723384
0.8732235
0.6632865
0.76325583
0.77779454
0.8136941
0.8192648
0.3152636
0.63490003
0.5913591
0.33400154
0.057476148
0.50152814
0.19428688
0.68822193
0.97984904
0.885609
0.62777275
0.8758897
0.8372284
0.2142282
0.82396495
0.3458448
0.06543534
0.20260593
0.89348453
0.39082357
0.78113765
0.028037101
0.75209963
0.60144264
0.59389013
0.6995513
0.4091607
0.78410935
0.6564208
0.840594
0.4298139
0.48631626
0.47846135
0.99324834
0.874347
0.8950898
0.13431649
0.62699246
0.2931442
0.80726177
0.6948544
0.47287056
0.711136
0.71629304
0.3917716
0.86598873
0.5438007
0.8065936
0.5313015
0.6105717
0.34405288
0.43584204
0.47472286
0.4226314
0.60716975
0.5478788
0.40482697
0.59540045
0.6008031
0.8706205
0.80248785
0.5831074
0.37659073
0.3604298
0.5080296
0.76096743
0.10309629
-0.005541919
0.29150978
-0.17380612
0.23582058
0.67565507
0.8262685
0.31574503
0.8785058
0.788207
0.9729306
0.694393
0.76792896
0.8691762
0.2057593
0.33344504
0.92628586
0.2183416
0.6799223
0.27511838
0.14817902
0.24220438
0.53657687
0.024730476
0.34211197
0.6950814
0.26601467
0.6935261
0.8878803
0.9382116
0.2629036
0.8500463
0.6163352
0.3600153
0.8877325
0.9411145
0.67655265
0.21712896
0.61092407
0.38543195
0.8559506
0.04449461
0.9047904
0.9505172
0.7573037
0.92797524
0.6009284
0.7282941
0.9360504
0.29696104
0.2903447
0.7997021
0.71750396
0.74864584
0.41260192
0.60479176
0.8171848
0.3649253
0.2599181
0.2140149
0.3745017
0.24687308
0.6287497
0.440743
0.79053366
0.85024625
0.43771148
0.9226629
0.91823447
0.77724785