0.88536656
0.0
0.4725857
0.63576365
0.7751142
0.0
0.8691463
0.9507792
0.7561678
0.6013943
0.8055279
0.35241818
0.21157339
0.79699755
0.5446705
0.77063215
0.20587467
0.1351689
0.09626009
0.6508962
0.5947749
0.6882943
0.053828068
0.94694936
0.87974447
0.96784043
0.6292639
0.42116588
0.23512518
0.65958047
0.89436924
0.013275606
0.587188
0.0
0.56292653
0.60482144
0.20410821
0.70446026
0.53184426
0.6749124
0.98685586
0.7448149
0.68486154
0.64271224
0.39040217
0.19043453
0.67996216
0.59138876
0.52330136
0.55465853
0.46151543
0.123614095
0.9707386
0.77819324
0.0
0.6284236
0.5762987
0.023974117
0.9784767
0.9176891
0.9827034
0.14441031
0.6235682
0.56818485
0.05467573
0.98959804
0.41029495
0.18726741
0.26155367
0.9404301
0.6262131
0.78691065
0.30474907
0.378064
0.53404194
0.22055326
0.7457047
0.8731496
0.5097344
0.9263788
0.78868055
0.29829836
0.5784008
0.0
0.6477141
0.80496234
0.37676972
0.8612845
0.2891403
0.22164959
0.58538264
0.43516085
0.2613698
0.636667
0.15691403
0.4344067
0.5186575
0.7210256
0.15708725
0.5109093
0.8917079
0.9093013
0.6142091
0.7558133
0.04461651
0.560078
0.98808116
0.4650191
0.6449028
0.0
0.0
0.08218707
0.9895462
0.24194066
0.4235317
0.63738155
0.3777953
0.65839165
0.5480724
0.7205156
0.70686954
0.9112167
0.39490932
0.16091569
0.4240833
0.6902656
0.6149539
0.95658505
0.20854977
0.047778975
0.1547784
0.44617292
0.07256653
0.74545467
0.7447565
0.6575532
0.56175214
0.6840533
0.63364595
0.52441376
0.6645316
0.13073167
0.011098666
0.77866405
0.23483172
0.37043795
0.7488205
0.28921184
0.5011037
0.5423038
0.8555106
0.472816
0.31772372
0.7665407
0.51524174
0.0
0.59782755
0.8118427
0.7945325
0.41214105
0.59437263
0.89352
0.38780072
0.8777483
0.3197452
0.7408842
0.08490907
0.128726
0.4650895
0.7384285
0.36654493
0.43488836
0.0
0.7188777
0.59144384
0.48824885
0.8328544
0.8864732
0.32842287
0.87346125
0.4029246
0.87677157
0.5145508
0.9500188
0.54785734
0.8760406
0.17420955
0.7297827
0.13074239
0.9869707
0.9869914
0.80865806
0.59242445
0.3652979
0.63633484
0.6069272
0.5907423
0.3353309
0.67616165
0.6469293
0.05255764
0.6099753
0.23350388
0.93850404
0.9915663
0.47756764
0.96764445
0.9810538
0.35492328
0.34072104
0.84134907
0.7704892
0.12382702
0.98121333
0.16289343
0.0140218465
0.7453986
0.36165208
0.62802815
0.74994755
0.85854983
0.8148979
0.89106876
0.13093084
0.26570973
0.4024995
0.41038263
0.3367868
0.047201987
0.8289604
0.34381232
0.77601135
0.4291745
0.35280856
0.6459358
0.9159879
0.8797143
0.24262081
0.85552144
0.54353845
0.7093004
0.7837215
0.3827914
0.1327601
0.46310288
0.43251306
0.0
0.2388539
0.8704311
0.08935908
0.50566417
0.83099943
0.8623775
0.9725866
0.77139336
0.9182158
0.12072402
0.4388136
0.4223992
0.6163652
0.6683576
0.16548471
0.6155637
0.8433535
0.0
0.0
0.2786911
0.47117162
0.026374247
0.28761652
0.93404
0.34448987
0.27368206
0.5177741
0.0
0.3081877
0.33061993
0.44122353
0.97589064
0.6614358
0.6165993
0.25663912
0.6461377
0.73708075
0.45867476
0.922898
0.5162862
0.19186263
0.68626523
0.2641149
0.5688606
0.77244693
0.89145225
0.17342314
0.4475379
0.16126153
0.34402812
0.55444556
0.36001295
0.6798275
0.09843188
0.6186426
0.53700775
0.5489956
0.4330235
0.12381546
0.3821577
0.759981
0.0
0.41181776
0.8481537
0.36704215
0.38190117
0.5747348
0.74468523
0.0
0.0
0.57794076
0.9330127
0.95570534
0.20782205
0.17904344
0.7058221
0.7838322
0.2837467
0.9702606
0.7329574
0.6214209
0.0044016414
0.8193104
0.2827874
0.21243812
0.10769326
0.86087203
0.9814209
0.6473466
0.15972185
0.8902096
0.06337363
0.40327668
0.8632035
0.5535129
0.7881088
0.34309697
0.61089987
0.67475176
0.0
0.57553566
0.4417367
0.4677761
0.22743678
0.6762199
0.6552971
0.42030245
0.19340521
0.9688777
0.41348574
0.07415312
0.26476815
0.7059155
0.71344095
0.32487732
0.61860245
0.0022127123
0.7879552
0.7513885
0.83749735
0.0
0.62046117
0.9492117
0.15500455
0.3977076
0.82869923
0.0
0.6658118
0.85661954
0.3520969
0.37043813
0.021858944
0.3514406
0.33697
0.52931064
0.91574824
0.037094522
0.8411919
0.49982864
0.8083729
0.029397016
0.6290915
0.77130383
0.8062903
0.7312494
0.62774384
0.21101692
0.9315556
0.83270335
0.13766809
0.93672633
0.43747494
0.94137
0.7429749
0.0
0.1993059
0.6730175
0.38024342
0.37223324
0.7342662
0.19879508
0.08067854
0.4167739
0.5530438
0.09635626
0.26734614
0.20086274
0.7514931
0.4239487
0.7215327
0.84742
0.6139284
0.7691729
0.9046755
0.57971764
0.49365112
0.4774206
0.6590244
0.7168964
0.8018377
0.60610884
0.93822795
0.789268
0.2792725
0.2176656
0.84991163
0.6405331
0.8947789
0.76645625
0.39433843
0.78613216
0.044727482
0.7439342
0.6430971
0.34654585
0.83754444
0.08912683
0.53740025
0.35146114
0.9856255
0.0802438
0.9869732
0.21189724
0.47035667
0.48734483
0.58336776
0.031030286
0.86175364
0.48720363
0.536181
0.52668893
0.3407275
0.8181678
0.9195063
0.9010496
0.7955343
0.73665875
0.8030805
0.83379334
0.76520884
0.5223925
0.0104718
0.18414508
0.8979646
0.84581006
0.12470491
0.5462116
0.54770213
0.29142666
0.6120082
0.7220804
0.31122544
0.32705405
0.5794042
0.83585906
0.9095456
0.24102303
0.48498616
0.81160253
0.44818842
0.0
0.5020935
0.12981229
0.7904417
0.25387323
0.6204871
0.61886424
0.2754366
0.34441462
0.33370638
0.9770835
0.97766834
0.8446435
0.6848344
0.61309785
0.33320588
0.78390425
0.56143636
0.64454556
0.80862993
0.655619
0.8860521
0.17958462
0.33954322
0.9427196
0.8634002
0.13786748
0.24377252
0.16981503
0.95231843
0.78565246
0.055761542
0.4296069
0.14599335
0.6905248
0.79840463
0.76313704
0.36083695
0.19208276
0.95962477
0.5402754
0.75668067
0.9610022
0.80474377
0.18400224
0.17466855
0.418284
0.079861626
0.04746244
0.52391547
0.5420437
0.8573215
0.44716954
0.13923366
0.17177837
0.26193708
0.1502799
0.47100556
0.22177741
0.039797958
0.0
0.98279023
0.64043194
0.26149186
0.84092516
0.8160309
0.8616241
0.68106616
0.6387878
0.56459564
0.76491886
0.04130298
0.0
0.83011746
0.55719066
0.96760863
0.9033864
0.7357588
0.10963976
0.51976556
0.15715592
0.68300444
0.5560512
0.034862638
0.9115627
0.45391184
0.084694274
0.7961735
0.50959295
0.5268793
0.6384991
0.02023465
1.0
0.89757663
0.031604458
0.40443364
0.2698875
0.95572174
0.0
0.90832686
0.82322115
0.0757939
0.8182297
0.47030956
0.30340415
0.92563564
0.62140065
0.0731556
0.5180588
0.169022
0.43765688
0.40957904
0.95855165
0.725229
0.89098257
0.33034116
0.618466
0.2999009
0.079440154
0.9376409
0.65002275
0.36206913
0.56237304
0.0651753
0.21865179
0.26833814
0.92104656
0.7070669
0.16577871
0.86585635
0.85667235
0.0
0.8540689
0.37690613
0.45621818
0.0
0.24482423
0.12217446
0.82286286
0.5720774
0.6940211
0.80492324
0.76197153
0.6700196
0.66407675
0.12601368
0.030000405
0.42402652
0.50746536
0.031160004
0.41097412
0.8690452
0.23164405
0.36877066
0.4709606
0.9571846
0.39805365
0.8136943
0.6302599
0.85090667
0.20320514
0.8093796
0.11549305
0.79987067
0.6247059
0.88835
0.3777122
0.71365124
0.47729158
0.82169074
0.9633427
0.0
0.40370226
0.9921454
0.20261556
0.59843737
0.6257762
0.10056824
0.0
0.65999675
0.4681231
0.60612404
0.7163921
0.22254606
0.71095496
0.9841714
0.5478098
0.17403644
0.67123044
0.868146
0.607065
0.6646084
0.5070669
0.036239143
0.34817392
0.49555787
0.8104878
0.028160624
0.6152373
0.0
0.4836178
0.23896217
0.33451617
0.077006996
0.67314136
0.5901599
0.1601946
0.5578103
0.6990559
0.42523158
0.63553536
0.287019
0.5598503
0.50657576
0.86667144
0.24170361
0.67387843
0.8847275
0.60070944
0.06725736
0.8240419
0.36154476
0.62783056
0.16888955
0.81243277
0.80715066
0.7421515
0.75537026
0.5592366
0.6919414
0.10958667
0.6166174
0.8165741
0.47469303
0.6973396
0.83909744
0.0
0.8826611
0.67390233
0.57280606
0.6019713
0.7495294
0.66536695
0.0
0.5951476
0.0
0.7604339
0.5043579
0.966502
0.0
0.13005014
0.46085984
0.5930851
0.20274751
0.070054054
0.8843565
0.966124
0.9546825
0.4021838
0.65745753
0.5294427
0.68628633
0.8482805
0.3505305
0.19623236
0.60415196
0.83110607
0.14487572
0.7887086
0.87286437
0.31352448
0.68648475
0.6430968
0.2513007
0.6011543
0.11276454
0.7237796
0.43055937
0.12457877
0.2767852
0.4623587
0.7559796
0.23801962
0.98068005
0.85093826
0.0
0.24365781
0.9469428
0.32826865
0.34944385
0.9216362
0.08046106
0.6839127
0.0
0.4959786
0.23752134
0.81435764
0.8084066
0.8038289
0.8117725
0.6509105
0.85641605
0.08988583
0.21862476
0.08143516
0.4536327
0.11357706
0.0
0.4512992
0.65410626
0.46992242
0.470154
0.6694002
0.545871
0.14787555
0.60416216
0.57039076
0.27977636
0.8536193
0.0
0.5690512
0.3254435
0.6359321
0.6567848
0.6237038
0.75433236
0.5392324
0.61160445
0.7230404
0.0
0.95332
0.4124794
0.89425707
0.51645344
0.0
0.7738262
0.7943709
0.82761294
0.9588037
0.0
0.46642074
0.009652771
0.9897318
0.22139025
0.038793705
0.4962824
0.46848628
0.32985574
0.983619
0.0
0.5718675
0.0
0.0
0.14934132
0.31993437
0.97708005
0.73441947
0.7084144
0.93117756
0.58702976
0.4743375
0.131771
0.7065529
0.0
0.7996246
0.46502456
0.43716347
0.45917532
0.15174466
0.23936357
0.33723384
0.8732235
0.6632865
0.76325583
0.77779454
0.8136941
0.7865267
0.32753995
0.63490003
0.6862327
0.33400154
0.057476148
0.5026231
0.19141613
0.68822193
0.97984904
0.9037418
0.62777275
0.8758897
0.8372284
0.2278347
0.82396495
0.3458448
0.06543534
0.20260593
0.89348453
0.39082357
0.74301493
0.028037101
0.75209963
0.60144264
0.59935194
0.73310804
0.6062026
0.78410935
0.5198205
0.840594
0.6353161
0.4727319
0.75948584
0.99324834
0.874347
0.8950898
0.12963057
0.62699246
0.19062257
0.80726177
0.6948544
0.47287056
0.7221933
0.71035147
0.3917716
0.86598873
0.661009
0.8065936
0.53228813
0.6105717
0.34405288
0.32453412
0.71586794
0.4638447
0.66204655
0.5478788
0.40482697
0.57233274
0.6008031
0.8706205
0.8053035
0.57100576
0.3688031
0.3650067
0.50828457
0.6482793
0.10309629
0.0
0.29150978
0.0
0.30342394
0.64739275
0.8262685
0.31574503
0.8785058
0.788207
0.9864713
0.68981314
0.76792896
0.8710646
0.2057593
0.33344504
0.92628586
0.0
0.63002914
0.2769049
0.14817902
0.23186924
0.49121216
0.024730476
0.34211197
0.9004371
0.24411656
0.6935261
0.8878803
0.9382116
0.29304266
0.8500463
0.6163352
0.3600153
0.8877325
0.93468857
0.67655265
0.21712896
0.624259
0.47972968
0.8559506
0.04449461
0.9047904
0.9505172
0.7573037
0.8880324
0.56859124
0.70641834
0.9360504
0.3482631
0.41449618
0.74106276
0.7195816
0.7602563
0.41260192
0.60479176
0.8412327
0.3448448
0.22776195
0.2140149
0.3745017
0.19317985
0.6287497
0.18674546
0.78018576
0.85024625
0.37344116
0.9226629
0.91823447
0.7389847