0.25481614
0.47151917
0.27442077
0.8035538
0.28213966
0.77274334
0.43964222
0.8502862
0.9843788
0.98171806
0.59913075
0.7459791
0.37100223
0.96133167
0.8376159
0.5571936
0.53246075
0.97802794
0.55074173
0.03036434
0.40558344
0.3010056
0.660049
0.49655008
0.44374567
0.51225775
0.86801296
0.3610679
0.7699253
0.55915415
0.61172354
0.5866143
0.09983187
0.6059545
-0.04346876
0.47878116
0.69871557
0.19371979
0.77919406
0.5461213
0.8563537
0.16275205
0.5254377
0.49275646
0.7427301
-0.010662396
0.76041543
0.47347993
0.83721906
0.3572033
0.20676306
0.37931412
0.20333606
1.0000001
0.86359984
-0.03176442
0.6302536
0.37392414
0.16154948
0.62240106
0.5985341
0.5384107
0.59415233
0.11611876
0.19230917
0.7473005
0.74850535
0.80710775
0.27276656
0.72727746
0.46641442
0.89341426
0.5230952
0.33213806
0.27028677
0.7691312
0.69514835
0.9488397
0.16929667
0.44468886
0.3760897
0.5290415
0.71859825
0.975575
0.7135916
0.8904224
-0.044029385
0.056831494
0.5468885
-0.07420281
0.38680446
0.11221475
0.57527715
0.8444005
0.16113392
0.67171675
0.59889275
0.5985113
0.4970008
0.12018997
0.59811366
0.58022255
0.1468712
0.85284173
0.77551234
0.78652227
0.84254915
0.7470003
0.13895187
0.18075176
-0.03861008
0.43341893
0.8074228
0.07046449
0.28088814
0.71459454
-0.025368512
0.43000874
0.9582789
0.62105334
0.8815105
0.6640308
0.45710954
0.5421933
0.6654561
0.82920486
0.63436735
0.22024089
0.15191929
0.94712555
-0.0014306412
0.2947797
0.25217065
0.5105087
0.11426531
0.3998947
0.40026563
0.80849415
0.5757855
-0.0037426138
0.016690837
0.6010401
0.5023263
0.086185895
0.4889437
0.0938459
0.17959617
0.075106345
0.7993693
0.27827188
0.64330703
0.27040908
0.763781
-0.006131423
0.87690276
0.6010201
0.8589428
0.5201323
0.78765976
0.31655666
0.7343296
0.7900475
0.8489793
0.77070075
1.0000001
0.83768433
0.6868631
0.273776
0.6491676
0.35136014
0.19785087
0.0047904854
0.27168152
0.3505559
0.95635116
0.4588881
0.8741461
0.36314574
0.100807875
0.10160643
0.9928152
0.26653093
0.2515062
0.72083294
0.101994656
0.6638835
0.35078868
0.62620854
0.9385315
0.3681289
0.72641605
0.8552776
0.566169
0.3376766
0.836136
0.971011
0.16406116
0.7604424
0.98076785
0.22945838
0.8556012
0.69557893
0.35405597
0.25369954
0.14095896
0.7243484
0.38931304
0.20049882
0.21284641
0.48931894
0.67142326
0.74324507
0.7281075
-0.032423258
0.038907807
0.670891
0.40654927
0.36274278
0.6175573
0.7681148
-0.026543174
0.16166748
0.21446168
0.09214972
0.5767355
0.47345945
0.15191185
0.9629399
0.90229607
0.46867046
0.39001706
0.12006381
0.21729937
0.66663605
0.58602947
0.5550198
0.32314858
0.92842263
0.14460714
0.61838925
-0.034071825
0.81588525
0.6486421
0.5769492
0.7080138
-0.034935787
0.60578454
0.033174314
0.44110805
0.36447686
0.31246457
0.92307407
0.5878946
0.1988406
0.68174905
0.38491863
-0.11533406
0.8152502
0.3189825
0.79641014
0.41054985
0.7300138
0.64464206
0.6436409
0.22715206
0.14329417
0.9886831
0.46027878
0.769963
0.52809966
0.65030396
0.13006444
0.811612
0.5994523
0.7209571
0.21582204
0.6777418
0.2405139
0.92896646
0.8440286
0.74351215
0.7194556
0.8292241
0.40667564
0.5352522
0.73411405
0.6995351
0.36623797
0.29285482
0.10124293
0.11710526
0.5807889
0.55700314
0.8136141
0.8254807
0.54592234
0.17781052
0.84424233
0.52257514
0.027825765
0.402572
0.46664563
0.8150933
0.91116154
0.6600576
0.042583156
0.7226611
0.45825467
-0.0751549
0.7669999
0.64682597
0.7550152
0.26335493
0.4902213
0.71022934
0.023814451
0.65910745
0.44563
0.42444062
0.88412124
0.58212435
0.72008467
0.31134185
0.6234601
0.7372118
0.9201594
-0.0012081212
0.18935642
0.5449858
0.6572596
0.3800834
0.81158364
0.14831366
0.17997897
0.41453472
0.38709104
0.6683689
0.021382
0.06869247
0.6913792
0.89523184
0.7741265
0.80058956
0.35481054
0.7136859
0.8487314
0.64282215
0.61085796
0.74770427
0.21043603
0.716701
0.3779896
0.29198048
0.6618221
0.87748086
0.077354446
0.83273417
0.95128417
0.43564424
0.13074575
0.2740361
0.32479668
0.6069474
0.524063
0.71724397
0.6648332
0.80002934
0.7136061
0.29921386
0.9587376
0.76917624
0.614304
0.047755696
0.9138577
0.09865005
0.90003216
0.2638184
0.35003546
0.94272906
-0.029894248
0.5198846
0.91711295
0.22687481
0.62380785
0.13743433
0.56017566
0.68117225
0.61021805
1.0
0.8532847
0.6596044
0.57975686
0.5703479
-0.018024098
0.14134412
0.6467555
0.6623932
-0.076971024
0.335803
0.49086285
0.57211316
0.8486546
0.3387145
0.56771445
0.57230854
0.9233368
0.74583036
0.86855805
0.7959916
0.2419844
0.025254212
0.6743399
0.0046685818
0.8239939
0.57492334
0.13743684
-0.026560301
0.43221837
0.78997743
0.44256145
-0.0010535765
0.9866193
0.9059671
0.7659347
0.7332331
0.81387067
0.6680638
0.6807624
0.53434587
0.8179925
0.037761495
0.66490406
0.5980746
1.0000001
0.92296046
0.285825
0.4198058
0.016993143
0.68974227
0.68010676