0
1
2
3
4
5
6
7
8
9
10
12
15
20
18
11
30
16
14
13
25
17
24
21
19
22
23
28
26
27
50
29
31
40
45
60
35
65
32
80
90
33
70
00
44
36
34
64
38
37
75
42
39
48
55
41
47
52
43
49
46
51
54
56
53
95
59
58
57
08
99
85
09
05
07
06
66
62
98
72
04
01
96
97
03
88
61
93
76
67
02
63
91
92
77
68
78
81
69
74
94
71
84
73
82
89
79
86
87
83
000
100
500
200
300
400
978
150
600
800
250
120
700
110
130
900
101
160
180
140
350
125
105
102
360
104
750
103
106
450
220
107
115
108
170
111
112
240
135
109
230
190
128
113
114
117
121
175
210
116
118
127
122
123
550
119
124
280
260
320
145
270
650
165
126
132
155
330
129
133
131
144
137
225
152
138
134
185
136
141
850
340
143
142
501
205
146
201
370
148
147
151
139
154
153
156
167
202
168
380
310
290
460
256
480
195
149
161
157
215
440
420
275
192
182
158
235
162
163
164
375
177
212
171
172
208
203
176
169
181
166
183
206
159
222
188
301
410
211
178
365
209
173
187
174
430
221
186
520
204
325
184
224
640
610
207
191
213
214
194
197
193
303
911
198
390
196
540
216
231
179
950
217
305
189
265
219
255
232
199
218
223
660
245
226
312
470
333
560
227
264
295
285
262
234
238
302
737
233
254
228
490
241
246
242
251
401
229
625
720
243
252
315
281
313
287
253
425
237
247
510
530
311
236
630
620
249
239
580
322
345
304
802
680
316
405
321
435
244
272
308
257
258
512
335
385
261
307
248
306
760
395
415
278
404
288
570
286
309
271
276
268
266
590
259
980
263
328
273
747
323
267
283
670
277
274
001
525
269
279
292
740
412
999
299
357
314
282
355
319
317
960
820
880
284
293
521
318
289
291
296
324
298
406
297
356
411
417
331
875
710
910
343
354
338
336
730
441
402
690
840
294
451
326
403
475
341
327
351
337
780
050
870
352
407
505
339
770
422
495
332
381
930
344
421
555
334
329
2010
2011
2012
2008
2009
2013
2007
2006
2014
2015
2016
2005
2017
2004
2000
2003
2002
2001
1999
1998
1997
1996
2018
1995
1994
1992
1993
1991
1990
1989
1988
1987
1986
1985
1984
1980
1983
1982
1979
1981
1972
1976
1978
1974
1975
1977
1970
1968
1973
1945
1971
1969
1967
1964
1966
1965
1960
1944
1963
1962
1942
1961
1943
1956
1958
1959
1941
1940
1948
1957
1939
1946
1950
1955
1952
1947
1954
1953
1949
1951
1938
1936
1918
1937
1935
1920
1930
1919
1933
1914
1934
1917
1929
1928
1932
1931
1927
1922
1924
1925
1912
1926
1921
1923
1915
1916
1910
1913
1900
1911
1908
1905
1906
1907
1909
1904
1902
1901
1903
1898
1899
1890
1895
1896
1897
1889
1893
1892
1894
1885
1891
1888
1000
1864
1865
1880
1887
1861
1862
1863
1886
1870
1884
1881
1882
1883
1878
1860
1876
1871
1879
1875
1867
1877
1872
1868
1874
1873
1866
1869
1850
1848
1859
1857
1854
1855
1858
1856
1852
1851
1840
1853
1849
1847
1846
1830
1845
1837
1844
1800
1841
1812
1838
1842
1839
1843
1836
1835
1832
1500
2019
1815
1834
1831
1814
1833
1820
1825
1828
1829
1824
1821
1810
3000
1826
1818
1813
1822
1827
1816
1793
1801
1806
1823
1817
1819
2020
1803
1809
1798
1808
1811
1805
1804
1794
1807
1790
1795
1792
5000
1802
1789
1799
1796
1776
1797
1775
1791
1200
1600
1780
1783
1788
1787
1777
1778
1784
1700
1781
1758
1782
1785
1786
1772
1774
1779
1770
1660
1750
1763
1760
1300
1768
1773
4000
1400
1769
1771
1765
1762
1761
1766
1755
1764
1767
1640
1759
1740
1745
1650
1100
1756
1648
1754
1715
1757
1689
1730
1644
1720
1753
1710
1661
1642
1688
1620
1751
1748
1746
1747
1680
1749
1752
1690
1630
1707
1685
2500
1714
1741
1727
1643
1743
1603
1725
2021
1641
1742
1610
1739
1744
1662
6000
1701
1735
1645
1550
1670
1625
1724
1649
1723
1722
1737
1702
1728
1718
1713
1621
1675
1733
1672
1708
1734
1666
1683
1635
1654
1638
1717
1540
1732
1667
1665
1721
1704
1629
1679
1738
1609
1622
1719
1736
1086
1605
1716
1632
1580
1659
1726
1703
1656
1655
1731
1729
1711
1712
1664
1634
1624
1692
1628
1697
1016
1699
1604
1611
1646
1626
1652
1570
1658
1709
1663
1618
1623
1651
1695
1560
1612
1653
1705
1682