0.9279648
0.035172347
0.34472483
0.60194117
0.8109263
0.05256583
0.972931
0.7042886
0.7681369
0.6694764
0.8186763
0.356739
0.16518936
0.7899374
0.2878624
0.693951
0.1066854
0.23489407
0.011997168
0.5630563
0.4417284
0.7344457
0.07686707
1.0298294
0.8303296
0.99028367
0.60145307
0.39892307
0.26266915
0.70901996
1.0054885
-0.0010606805
0.78413796
0.0132237775
0.49234027
0.5553582
0.23772618
0.47792834
0.5123645
0.58012843
1.0323961
0.7770319
0.5857953
0.4169435
0.44352198
0.2391253
0.445539
0.45423907
0.48021308
0.5510298
0.5412301
0.25781903
1.0378565
0.72939765
0.17901653
0.70149666
0.29913837
0.008205369
0.9572956
0.92698145
1.0389507
0.132593
0.43076938
0.39008293
0.015066628
1.0364372
0.32808623
0.0808867
0.04300832
0.11714498
0.71454203
0.46457428
0.16616395
0.177967
0.56978244
0.38137427
0.5513181
0.8077
0.43999878
1.0220546
0.80469036
0.27668926
0.45091256
0.0031855437
0.40631193
0.840319
0.43142018
0.9298196
0.35320336
0.061236918
0.51079905
0.26229602
0.31454363
0.5436624
0.16444498
0.5306548
0.54380983
0.725207
0.0445793
0.51275605
0.7746781
0.91725445
0.37586325
0.7785905
0.033022277
0.36417088
1.0389647
0.4562729
0.46996015
0.00046511012
0.0123934895
0.004884512
1.0379187
0.40833393
0.33014786
0.6996952
0.315144
0.5758888
0.6077034
0.7749387
0.7636837
0.9477606
0.45704666
0.18691948
0.51612717
0.63143367
0.4367075
0.9096347
0.2133143
0.23362789
0.117765024
0.14131775
0.08995262
0.75436854
1.0045677
0.41894707
0.70983654
0.687087
0.47219166
0.56828874
0.30707246
0.014669208
0.016368803
0.7354099
0.4528213
0.42131343
0.80677396
0.121281646
0.49172735
0.46422118
0.83518296
0.27364773
0.1702853
0.7337345
0.4141786
0.012028342
0.6433731
0.77961016
1.03207
0.3463564
0.5523895
1.030568
0.55551827
0.81121665
0.11532227
0.72019184
0.016406221
0.08656396
0.48761702
0.7451441
0.23921795
0.36535263
0.085622385
0.33287856
0.660901
0.61133325
0.77467
0.70570916
0.29668057
0.8570124
0.28036255
0.8323639
0.68678
0.9912769
0.48874134
0.76585686
0.23937054
0.7476896
0.067173585
1.0329181
1.0326182
0.83746225
0.4735663
0.50663674
0.535076
0.53116906
0.6255468
0.20793828
0.6476418
0.63589054
0.31358328
0.7324556
0.27461785
0.94155884
1.0160439
0.6459855
0.98608893
1.0296345
0.3131381
0.7854801
0.86565
0.7861544
0.35361668
1.0306714
0.2875567
0.0035875146
0.6491555
0.22160609
0.52111995
0.6819708
0.942506
0.6964178
0.737386
0.28446585
0.26649892
0.22938606
0.4091397
0.21576627
0.03136926
0.78478897
0.3203666
0.7057726
0.5708157
0.7747241
0.6930596
0.9045557
0.8493937
0.30198678
0.79632396
0.67165154
0.84627867
0.4857831
0.34507918
0.112106
0.55138475
0.5287406
0.021547373
0.27880955
0.86480916
0.0029796711
0.5384687
0.89438915
0.96085835
0.91907346
0.71544933
0.82469493
0.062413134
0.5335896
0.39826393
0.5063156
0.5685181
0.119314566
0.49837595
0.74738353
0.011540504
0.022870962
0.25577256
0.5977787
0.0486204
0.2791559
0.9285423
0.22009508
0.31772172
0.6328823
0.0048263217
0.2561919
0.34451866
0.3618958
1.0278742
0.70730245
0.35804906
0.277173
0.85602075
0.47117004
0.3696983
1.0347798
0.55997217
0.12237142
0.82368124
0.23578016
0.38823923
0.7360726
0.8669178
0.28475034
0.42786756
0.09696428
0.23622493
0.6978665
0.44657406
0.69484246
0.006277965
0.57412237
0.46251827
0.7630713
0.4730142
0.053154398
0.4673148
0.79427373
0.062469233
0.5898348
0.85812455
0.6669529
0.3271862
0.69189024
0.7150066
0.005148755
0.010446431
0.43036819
0.9036915
1.0377607
0.13466015
0.08169875
0.58546436
0.76049155
0.13936612
1.0310532
0.7370904
0.6004247
0.021958673
0.7846266
0.62413085
0.36377212
0.14712892
0.8245667
1.0355623
0.7146238
0.06333909
0.9220017
0.13230713
0.26028156
0.8122277
0.5286156
0.798509
0.16955347
0.43319744
0.71694124
0.008165917
0.41746545
0.7186333
0.35846302
0.24076107
0.68633527
0.602402
0.54036325
0.15206715
1.0372525
0.33037853
0.0037342322
0.24427012
0.7609271
0.40556568
0.19440295
0.54648024
0.010378073
0.82921505
0.7026675
1.0184579
0.44131336
0.52716786
0.9806821
0.13919424
0.33819073
0.8279195
0.06685437
0.6295659
0.73072183
0.32373196
0.22678187
0.042890724
0.08619781
0.50497156
0.51762426
1.0378523
0.023248825
0.85478574
0.61568683
0.711599
0.020707367
0.6370619
0.78975964
0.7288162
0.65972966
0.6170129
0.17791203
0.94548196
0.8229987
0.0188029
0.9427021
0.10858637
0.9692837
0.6057564
0.033773664
0.17510346
0.72077936
0.21204107
0.117395535
0.70159197
0.49206525
0.10330512
0.5572425
0.30384752
0.0075823315
0.23548639
0.31344855
0.59592783
0.36125574
0.7436233
0.61982185
0.7887027
0.7926287
0.81413066
0.38679233
0.33332735
0.43494982
0.8596967
0.19579726
0.6991595
0.5469421
0.9656536
0.84326077
0.31499892
0.015505935
0.837591
0.665862
0.81466216
0.92613184
0.29279283
0.79390633
0.010165086
0.79244584
0.55740136
0.24841031
0.80136824
0.19030377
0.52031946
0.37765867
1.0362358
0.13792086
0.99667156
0.33371148
0.4998846
0.59122044
0.19270119
0.5832775
0.72195846
0.29426065
0.39258897
0.33908218
0.34583253
0.9079485
0.9972428
0.92545336
0.80718935
0.65794516
0.7300575
0.82244986
0.89816684
0.3421416
0.21220973
0.15535688
0.8946802
0.7459422
0.12724791
0.7498878
0.58922625
0.28075558
0.53373015
0.60512567
0.30326554
0.2523516
0.6610666
0.529515
0.9949948
0.068479665
0.4715403
0.78139246
0.36780816
0.057611167
0.51901823
0.027305683
0.81969845
0.053565335
0.6234335
0.6613853
0.18137343
0.31480226
0.33365995
1.026015
1.0377244
0.6384106
0.4480261
0.38392392
0.274719
0.60151935
0.33538157
0.6824822
0.93320715
0.716074
0.6206359
0.08322294
0.41043848
1.0137347
0.868779
0.120230675
0.42074507
0.2331713
1.0034549
0.6135274
0.09128846
0.34650454
0.15781155
0.7498571
0.6892952
0.88116395
0.11114235
0.09319499
0.9578203
0.56439173
0.7376048
1.0093315
0.6747642
0.2707779
0.08932906
0.293536
0.028483268
0.028382778
0.41810098
0.6381793
0.7804774
0.73224074
0.07190433
0.26921564
0.016586564
0.10092455
0.5500669
0.15736112
0.11828746
0.030740594
1.0297244
0.66138446
0.31776285
0.7231801
0.8185989
0.9539008
0.6077022
0.8099963
0.6336312
0.67662054
0.50676143
0.0081763035
0.83959377
0.6547126
1.0382173
0.7478724
0.7809131
0.1139524
0.6399508
0.13085566
0.6643733
0.55818063
0.19469729
0.89582825
0.22563593
0.07320062
0.83898246
0.40457416
0.68248546
0.47777075
0.019016368
1.0295979
0.7473587
0.012963116
0.29277995
0.12922582
0.8715485
0.025761714
0.8873838
0.41590875
0.033501305
0.5035196
0.44350106
0.48446935
0.91651714
0.5296785
0.14188117
0.68710643
0.18954892
0.5999
0.20256865
0.88958645
0.65524226
0.9351516
0.1528979
0.44258752
0.27867568
0.09276384
1.0287329
0.62299573
0.34231767
0.60179555
0.3099959
0.21247132
0.27682838
0.9889582
0.7084508
0.20896041
0.7460889
0.7539555
0.33297116
0.933136
0.23720703
0.4113047
0.0010490327
0.38261595
0.26533145
0.78524625
0.5270144
0.77999824
0.90358907
0.78490627
0.25383362
0.5994575
0.2033082
0.03958408
0.37860993
0.5837763
0.065120764
0.14930552
0.78521335
0.19372311
0.31696257
0.62223524
0.9457556
0.21937446
0.5260409
0.7409993
0.3347171
0.06675222
0.94336855
0.100879334
0.8978221
0.67203146
0.8468977
0.447996
0.67357373
0.5822928
0.82408917
1.0099617
0.020029943
0.34549427
1.0369649
0.2233762
0.5383667
0.4456327
0.058865912
0.0041558202
0.66021717
0.38563457
0.70014817
0.81503755
0.025096497
0.69804084
1.0303639
0.6228016
0.20752373
0.6884178
0.9217105
0.40051037
0.60409725
0.31360626
0.08654315
0.30271298
0.5118817
0.8176924
0.22954321
0.38641375
0.006730738
0.33648378
0.05002504
0.2874701
0.12067087
0.7489015
0.46149486
0.18139373
0.39929557
0.86557275
0.6030756
0.72250396
0.103097424
0.5688864
0.24367058
0.8793438
0.27898136
0.7470757
0.92139065
0.775548
0.0568632
0.69387275
0.31348297
0.6613653
0.033083
0.8631557
0.89637107
0.7600497
0.95410043
0.27059913
0.52583474
0.172856
0.53964174
0.67664367
0.06831005
0.6060431
0.78555155
0.058053374
0.9812358
0.7325283
0.8891367
0.43826357
0.7410951
0.7458435
0.17710386
0.5042373
0.0018694686
0.5322473
0.62662977
1.036577
0.004922907
0.010446559
0.65885854
0.5022027
0.35656577
0.16559708
0.74741644
1.0072002
0.9436968
0.5519024
0.52923715
0.6012134
0.6796836
0.7999383
0.042260595
0.25375706
0.36075333
0.83651286
0.10243262
0.7445442
0.898509
0.15118316
0.6661513
0.4523925
0.012789229
0.46041542
0.18919933
0.82152766
0.106898114
0.23036304
0.24572365
0.13417536
0.7024027
0.26147813
1.0235165
0.83393574
0.011844084
0.120368816
0.8664603
0.3031271
0.4033165
0.7977086
0.13154864
0.54187304
0.008003788
0.55233675
0.3309545
0.867859
0.80876887
0.7303262
0.7357083
0.6945191
0.73441654
0.15710196
0.35197523
0.03548211
0.1915532
0.273939
0.085294545
0.5666287
0.65197563
0.43584237
0.4192381
0.7352154
0.49967322
0.2151057
0.5383754
0.76746315
0.29575515
0.8845749
0.08626451
0.42710644
0.21655563
0.7210167
0.723577
0.7229396
0.5813924
0.43731937
0.6794471
0.8592704
-0.00039473866
0.9990109
0.47655883
0.5466682
0.5413846
0.009883707
0.74984884
0.81896627
0.7520344
0.90171564
0.0071501015
0.30063224
0.013309516
1.0259907
0.45680118
0.043822054
0.07565825
0.4051098
0.28833333
1.0318148
0.006491943
0.4652659
0.016910007
0.13649836
0.04919558
0.2628019
0.9794382
0.7803
0.56424075
0.9569462
0.6101661
0.49742126
0.12897071
0.6914064
0.008804632
1.0285612
0.34190947
0.5163924
0.14213078
0.07118772
0.118083194
0.32169837
0.9060176
0.668762
0.6039986
0.81406146
0.7522241
0.73863643
0.0788882
0.6859823
0.87770987
0.28926095
0.07408364
0.506389
0.17426226
0.6734282
1.0388728
0.9225863
0.71856314
0.6858616
0.9669695
0.2581163
0.67843866
0.116692916
-0.00044872222
0.20061192
0.83491105
0.4211437
0.6938441
0.1976406
0.9503667
0.67515004
0.34093675
0.49961933
0.40821975
0.9482916
0.6600241
0.93188363
0.26446006
0.33586818
0.49973112
1.0355823
0.85433036
0.9165416
0.19555154
0.52424777
0.063381
0.7113116
0.7038216
0.61417854
0.31220073
0.6727213
0.5310638
0.8160901
0.5493165
0.4745298
0.4303299
0.5006144
0.27860156
0.35764042
0.74407464
0.37916896
0.5789619
0.79630816
0.2684985
0.734972
0.6833446
0.8434887
0.5223278
0.6121488
0.23615213
0.41925898
0.4306646
0.4075699
0.048927464
0.036706246
0.35069245
0.0049439287
0.1010339
0.5327736
0.73926294
0.3751008
0.7611681
0.7857793
1.0291722
0.6116852
0.78550375
0.8150981
0.0912989
0.2527342
0.8577005
0.009793548
0.6561178
0.28869897
0.29547733
0.18143404
0.5947454
0.004464342
0.20484829
0.36528078
0.11977343
0.58879006
0.9291895
0.9697603
0.2209522
0.8117617
0.696967
0.08938085
0.7351459
0.8620747
0.67472494
0.3919794
0.5274466
0.17043056
0.8169549
0.082375646
1.020716
0.7502302
0.7758068
0.9166776
0.39958555
0.39813384
0.8727099
0.56104505
0.34376964
0.6585289
0.55389285
0.64817655
0.2780874
0.6373087
0.753046
0.23705633
0.32742923
0.15240176
0.2449843
0.19186129
0.664582
0.35444435
0.7869032
0.764473
0.24528785
1.0206525
0.9469102
0.59457326